p_val	avg_log2FC	pct.1	pct.2	p_val_adj	gene	cluster
9.47126948973275e-12	2.61882942285402	0.52	0.113	1.81179702576894e-06	chr8-144498322-144504619	3
4.55268943389675e-09	12.5539970119238	0.265	0	0.000870902172567844	chr16-85637385-85640630	3
8.33784772596339e-08	3.59082335573429	0.296	0.035	0.0159498024289044	chr1-202106870-202109160	3
1.3276879452747e-07	2.37978946109981	0.388	0.096	0.0253978737803378	chr1-235072983-235075989	3
1.94186082296889e-07	12.0861970644499	0.214	0	0.0371466324269011	chr11-3041382-3044477	3
4.04159431835249e-07	12.4160044226349	0.204	0	0.0773132743534921	chr1-240491763-240493935	3
4.04159431835249e-07	12.2797283599193	0.204	0	0.0773132743534921	chr12-2113025-2114606	3
4.58759333852497e-07	3.8177442142573	0.255	0.026	0.0877579080099795	chr5-134505642-134507182	3
4.77334085769296e-07	3.85157660960802	0.255	0.026	0.0913111466031516	chr10-133158836-133164521	3
1.04355548450692e-06	2.19424579279061	0.367	0.104	0.199625902853266	chr1-229886826-229889976	3
1.9923926819197e-06	4.63884112553197	0.204	0.009	0.381132765695146	chr1-228829808-228831584	3
2.13790657951744e-06	2.01741146312193	0.367	0.104	0.40896870122221	chr7-151246830-151250302	3
2.17697126982633e-06	1.96682142592994	0.418	0.165	0.416441542090159	chr1-207807156-207814549	3
4.2121392391794e-06	1.97153697219884	0.347	0.104	0.805756963619584	chr11-72012075-72016172	3
8.45110635225919e-06	1.92349860348302	0.347	0.104	1	chr5-174720854-174726047	3
1.00803102610364e-05	3.4461237572473	0.204	0.017	1	chr10-48522833-48524692	3
1.01166429293092e-05	3.60301115056712	0.214	0.026	1	chr16-11296378-11298437	3
1.10255501909612e-05	1.37521346428304	0.541	0.33	1	chr7-50745691-50794203	3
1.38901273565415e-05	3.18187822723809	0.214	0.026	1	chr4-183987156-183990082	3
1.63782090022727e-05	3.0034596895504	0.224	0.035	1	chr1-240595483-240598738	3
2.0627500284417e-05	1.95480085520226	0.327	0.104	1	chr12-124421632-124423962	3
2.09203116016499e-05	1.93690177702432	0.327	0.104	1	chr7-98616717-98620577	3
2.42960714096543e-05	3.35020062509753	0.204	0.026	1	chr12-119178283-119180101	3
2.95872426212073e-05	2.5839956442778	0.245	0.052	1	chr17-2023554-2026475	3
4.53666686987329e-05	2.20179012722189	0.255	0.061	1	chr20-723479-725089	3
6.43721576760315e-05	1.49646261383203	0.398	0.174	1	chr7-50701544-50726131	3
9.41359702777663e-05	2.62957560094608	0.214	0.043	1	chr1-220390781-220392200	3
0.000101526802750278	1.87136857649753	0.296	0.104	1	chr16-87391282-87393657	3
0.000110634592048025	2.60123660205861	0.214	0.043	1	chr7-150321945-150324942	3
0.000148674258003972	2.89025360950346	0.204	0.043	1	chr8-138788827-138792802	3
0.000188903818272105	2.60394760888929	0.204	0.043	1	chr1-225823415-225827067	3
0.000188903818272105	2.43715490136815	0.204	0.043	1	chr3-133473812-133475788	3
0.000208396038613712	1.77834811029292	0.296	0.104	1	chr2-217896878-217900845	3
0.00026420418840211	1.92950907425032	0.276	0.096	1	chr1-6204861-6207120	3
0.000273900055793988	1.20437481083711	0.449	0.243	1	chr5-1879779-1884439	3
0.000378699000991295	1.68199360734329	0.276	0.096	1	chr8-81841271-81843114	3
0.000427616792107302	1.91063544605527	0.255	0.087	1	chr16-87635242-87636989	3
0.00044976370557231	2.21620757942666	0.204	0.052	1	chr16-75238014-75241427	3
0.000513310709181864	2.19632418339163	0.204	0.052	1	chr20-62602377-62603926	3
0.000536289012180266	2.17779828032811	0.204	0.052	1	chr9-107748829-107751356	3
0.00060066359421664	1.32259678990239	0.337	0.165	1	chr5-93579929-93586241	3
0.000607268927792755	2.04419648148832	0.214	0.061	1	chr1-113253267-113256831	3
0.000686858621680172	1.97524078172759	0.224	0.07	1	chr1-200477233-200478652	3
0.000729276068074238	1.43189733868361	0.306	0.122	1	chr5-77086376-77088514	3
0.000786823962348056	0.993028373993319	0.449	0.296	1	chr1-235864993-235868151	3
0.000839694178218355	1.8487826433785	0.245	0.087	1	chr1-225815777-225818688	3
0.000911506520700124	1.36211731349946	0.316	0.139	1	chr11-6566303-6569338	3
0.00100644717267332	1.65926027635258	0.255	0.096	1	chr14-55101801-55104072	3
0.00101300696924837	1.85205254874303	0.245	0.087	1	chr6-81751940-81754504	3
0.00103053303118669	2.22362593554345	0.204	0.061	1	chr22-37559881-37564768	3
0.00105642954204038	1.62725127813313	0.255	0.096	1	chr4-140236827-140239182	3
0.00105643015912258	1.85837713427365	0.224	0.078	1	chr22-50182255-50184588	3
0.00107856694684547	1.15436098315882	0.357	0.191	1	chr5-179804721-179807893	3
0.00110627225097732	1.77332320940433	0.224	0.07	1	chr12-110246680-110248868	3
0.00114742690470381	1.95398644994091	0.214	0.07	1	chr12-26124581-26127021	3
0.00121113343327849	1.60502759534356	0.265	0.113	1	chr3-46970141-46971508	3
0.00135120627492767	1.94829766169386	0.204	0.061	1	chr10-93465533-93467037	3
0.00138647580339256	0.861587342819224	0.51	0.322	1	chr5-179817925-179834397	3
0.00147369365055719	1.42234597078576	0.316	0.157	1	chr1-234542045-234546269	3
0.00163844001517715	1.59203831215764	0.255	0.104	1	chr16-30584891-30586719	3
0.00173800916734392	0.934698197285278	0.449	0.287	1	chr2-236569209-236586359	3
0.00176033331581509	1.67902653422794	0.235	0.087	1	chr12-28189821-28192145	3
0.00181975157836522	2.10854203560032	0.214	0.078	1	chr21-16336628-16344919	3
0.00197316278683664	1.37207808771241	0.296	0.139	1	chr19-1393746-1396957	3
0.0020956232725161	1.4048224260424	0.255	0.104	1	chr14-105494389-105497101	3
0.00245886598504204	1.34233852094937	0.286	0.139	1	chr4-6673003-6675332	3
0.00248870588693611	1.03626799624091	0.367	0.2	1	chr12-101695649-101704100	3
0.00253946217970078	1.6816785630226	0.214	0.078	1	chr7-4151727-4153129	3
0.00260197422337551	1.7868338202931	0.214	0.078	1	chr7-87627545-87629608	3
0.00281089806451429	1.6928587493345	0.204	0.07	1	chr18-34492553-34494485	3
0.00295531608070615	1.24081795970809	0.296	0.139	1	chr1-226944283-226947333	3
0.00296246730423191	1.28994939559591	0.286	0.139	1	chr21-33324161-33326052	3
0.00313160806668312	0.93474439396702	0.388	0.217	1	chr17-4142078-4144712	3
0.00321650610980923	1.40723860735462	0.255	0.104	1	chr16-15575557-15578260	3
0.00346896208392608	1.04504152386072	0.357	0.191	1	chr1-225809544-225814050	3
0.00353216628534808	1.35771543740727	0.276	0.13	1	chr1-221230022-221231277	3
0.00379970974787415	0.62115893480227	0.663	0.574	1	chr19-12994906-13019374	3
0.00397115037747485	1.73053384019851	0.214	0.087	1	chr3-186974357-186977916	3
0.00398526226420561	1.68893939448588	0.204	0.078	1	chr8-143012901-143014367	3
0.0042123106107234	0.919547437534068	0.418	0.27	1	chr4-2961550-2964673	3
0.00422982919027473	1.57977219621871	0.224	0.096	1	chr19-30663753-30665206	3
0.00431179812393749	1.32994367462902	0.265	0.13	1	chr1-208202561-208204547	3
0.00459783357380022	1.22730303848722	0.296	0.157	1	chr1-225879600-225883670	3
0.00482310838297992	1.54216719072508	0.214	0.087	1	chr8-143983779-143987057	3
0.00483441441361301	1.30216195196687	0.255	0.122	1	chr10-103792688-103795028	3
0.00505472292473157	1.33823120738903	0.245	0.104	1	chr6-111550983-111553636	3
0.00505661897788755	0.814853545420186	0.429	0.27	1	chr12-122499606-122501691	3
0.00512377114466205	1.34218014082404	0.255	0.113	1	chr9-117399732-117402297	3
0.00521914685899322	1.5078622514521	0.224	0.096	1	chr12-80935757-80938033	3
0.00527787844723327	1.29153103093624	0.265	0.13	1	chr7-135557313-135559191	3
0.00529138847987044	1.17895062142929	0.286	0.139	1	chr21-34887699-34890484	3
0.00592165678542773	1.10029419505839	0.327	0.183	1	chr17-80277367-80280452	3
0.00608741022035037	0.873759894429517	0.418	0.304	1	chr1-206684373-206694759	3
0.00637064677073706	0.95569940227974	0.378	0.243	1	chr1-10673385-10678311	3
0.00663386131695214	1.40108654733332	0.204	0.078	1	chr11-63812693-63814860	3
0.00668284355761541	1.39744158729511	0.245	0.122	1	chr22-35314910-35317073	3
0.0067382897397684	1.45498003537577	0.214	0.087	1	chr1-210327916-210330279	3
0.00698534104600077	1.34893413869038	0.224	0.096	1	chr6-127458263-127460277	3
0.00698534104600077	1.4087911298383	0.224	0.096	1	chr22-23278498-23279945	3
0.00702321711106102	1.13362953387698	0.286	0.148	1	chr1-109282511-109284090	3
0.00730998723540571	1.48829575686631	0.214	0.096	1	chr7-108093969-108096271	3
0.00735312654693293	1.36682610730336	0.214	0.087	1	chr5-51382670-51384203	3
0.00750228319450857	1.37774842182908	0.235	0.113	1	chr2-73268335-73270316	3
0.007722571993235	0.985523332986405	0.306	0.165	1	chr3-129892549-129894497	3
0.00775811660395798	1.14766918905886	0.255	0.122	1	chr16-14629329-14630807	3
0.00804712731024876	1.46430635607655	0.214	0.096	1	chr1-2480228-2481869	3
0.00804712731024876	1.42254349107356	0.214	0.096	1	chr5-158593079-158595680	3
0.00812924257333101	1.33507411805679	0.224	0.104	1	chr10-22320207-22322616	3
0.00830327265328804	1.10284860051956	0.286	0.148	1	chr12-104956776-104959987	3
0.00830853078457411	1.25564719356393	0.255	0.122	1	chr12-132188958-132191476	3
0.00865599967296821	1.24537833651317	0.245	0.122	1	chr1-233714123-233715699	3
0.0087453101633851	1.08028338208616	0.296	0.157	1	chr12-7128339-7131597	3
0.00888074673746125	1.51328536978404	0.204	0.087	1	chr3-40086996-40089931	3
0.00891416905198929	1.13602708155486	0.276	0.148	1	chr17-78933271-78934991	3
0.00895332796187518	1.0585015328565	0.306	0.174	1	chr16-89343595-89347400	3
0.00915848416768389	0.839330772207548	0.378	0.235	1	chr16-2266531-2270151	3
0.00926882126233444	1.04729690121502	0.286	0.148	1	chr6-149544450-149546833	3
0.00936866762822042	1.11814392818014	0.265	0.13	1	chr8-40054201-40055898	3
0.00937217425158447	1.45704884408063	0.204	0.087	1	chr1-205352130-205355635	3
0.00968698282699831	0.999847788489776	0.306	0.174	1	chr16-88856204-88858233	3
0.00983918638837886	1.3462693971401	0.235	0.113	1	chr6-75600655-75603944	3
0.0101350327692949	1.14778442316613	0.276	0.148	1	chr8-11571370-11574298	3
0.0103914620340174	0.906738711402822	0.388	0.235	1	chr10-132417989-132422232	3
0.0106058704900766	1.08371826610776	0.276	0.148	1	chr16-74605859-74607852	3
0.0106858362427133	1.3952278156751	0.224	0.113	1	chr1-181117145-181118569	3
0.0106967002805522	0.965868377439317	0.327	0.191	1	chr2-237730289-237736165	3
0.0108796824987679	1.38228202541179	0.204	0.087	1	chr16-88532584-88535571	3
0.0109582040977822	1.59984630664759	0.204	0.096	1	chr7-517797-520500	3
0.0109789324204403	0.86614929328214	0.408	0.27	1	chr8-61704568-61715617	3
0.0111117784142754	1.39227810330628	0.204	0.087	1	chr2-135073764-135075189	3
0.0113845557894172	1.25673139491022	0.235	0.122	1	chr1-226185198-226187346	3
0.0117119536483195	1.29023966349681	0.224	0.104	1	chr1-10665610-10670704	3
0.0123071236351087	1.29568452079339	0.224	0.104	1	chr1-223711886-223713484	3
0.0130257444810391	0.867353019108986	0.357	0.243	1	chr7-55963922-55967588	3
0.0130573559787167	1.46447686382266	0.204	0.096	1	chr14-88792016-88793653	3
0.013138715683898	1.24438429004496	0.235	0.122	1	chr10-122461209-122465016	3
0.01328107776148	1.34985750691948	0.214	0.104	1	chr12-47818933-47821217	3
0.0133999826754635	0.755280963388191	0.367	0.226	1	chr17-47188195-47189982	3
0.0134626470343735	1.37593286356366	0.204	0.096	1	chr1-244718948-244720602	3
0.0136007584404146	1.11220606408002	0.265	0.139	1	chr1-11483656-11486656	3
0.0136196235782437	1.03096624719263	0.276	0.148	1	chr7-2519051-2520745	3
0.0136247700676348	1.17311813705731	0.255	0.139	1	chr7-155456596-155459392	3
0.0142363354670269	0.766957811923883	0.388	0.27	1	chr7-102363224-102364780	3
0.0144823235504814	1.09683714398299	0.276	0.148	1	chr7-157336205-157338582	3
0.0145512206371989	0.546148935299886	0.551	0.443	1	chr1-244450360-244452896	3
0.0147558614250341	0.761859687861077	0.418	0.278	1	chr6-85640857-85645272	3
0.0151971169329147	1.35680838874009	0.204	0.096	1	chr3-196168552-196169611	3
0.0151971169329147	1.25432694631443	0.204	0.096	1	chr17-75695749-75698368	3
0.0152559469183731	1.20221300680073	0.224	0.104	1	chr8-61689509-61702623	3
0.0154875021781375	0.698069568600058	0.429	0.322	1	chr3-43620958-43622985	3
0.0155526164177927	1.225447896537	0.224	0.104	1	chr4-72567368-72570480	3
0.0162130335261038	1.15046318478557	0.265	0.157	1	chr4-65240884-65243060	3
0.016776074043063	1.39182007418378	0.245	0.139	1	chr1-44806452-44808605	3
0.0167898349109903	1.27808842969608	0.204	0.096	1	chr22-47129358-47130698	3
0.0174033071565389	1.03063343349987	0.265	0.148	1	chr8-38733470-38736337	3
0.0174668544812195	1.27521402719006	0.204	0.096	1	chr5-5135592-5136886	3
0.0176444307109092	0.917119218719035	0.306	0.2	1	chr6-170583713-170585839	3
0.0179541600478396	0.873244445625377	0.327	0.209	1	chr3-152268052-152270842	3
0.0183128915055885	1.13681006285488	0.224	0.113	1	chr3-11476947-11482250	3
0.0183467023003829	1.34769104247035	0.204	0.096	1	chr5-1343927-1346509	3
0.018352666682913	1.08291052366373	0.276	0.165	1	chr2-38601568-38603987	3
0.0191937056104713	0.956549978425555	0.296	0.174	1	chr3-50163603-50168888	3
0.0196194425048388	0.746253436766135	0.327	0.191	1	chr8-144356848-144359952	3
0.0196194425048388	0.900536375836306	0.316	0.2	1	chr3-98592591-98594391	3
0.0197019398419775	0.751017631707192	0.388	0.287	1	chr10-102449188-102451955	3
0.0197611894242577	0.971967606454934	0.255	0.139	1	chr1-6234770-6236445	3
0.0198352246684551	1.25449295791815	0.204	0.096	1	chr5-44538339-44540008	3
0.0202757294146986	1.15857227465422	0.224	0.113	1	chr6-56540920-56543487	3
0.0204547753439035	0.683630545599149	0.449	0.357	1	chr11-83070696-83073214	3
0.0206555148305903	0.960894879036453	0.306	0.2	1	chr7-156639599-156641678	3
0.020712127741552	1.18813378668804	0.214	0.104	1	chr10-114634493-114636486	3
0.0207223343180179	1.1760037308683	0.245	0.139	1	chr6-169750954-169753260	3
0.0208778475709122	1.1360104069077	0.245	0.13	1	chr16-31450858-31455784	3
0.0213964694630059	1.15582187913029	0.235	0.122	1	chr20-62831146-62833520	3
0.0214247344429833	0.567042761601756	0.459	0.357	1	chr1-2583414-2588109	3
0.021431363854018	1.20916876251844	0.214	0.113	1	chr7-156724814-156725808	3
0.021476964862345	0.593831035031616	0.5	0.365	1	chr6-73511670-73522485	3
0.0218307089153476	1.19496880624154	0.214	0.113	1	chr7-150974320-150976450	3
0.0226241837767795	0.76738855153513	0.378	0.287	1	chr15-63500566-63507079	3
0.0229071477953444	1.01759539846584	0.255	0.148	1	chr17-76500658-76503243	3
0.0230312038648322	0.819605176865808	0.357	0.243	1	chr11-133955847-133958505	3
0.0234935331315819	1.1855287042341	0.214	0.113	1	chr1-161037663-161039789	3
0.0237089245018311	1.24062142497309	0.214	0.113	1	chr7-132224731-132227022	3
0.0238843473531905	1.08898761896728	0.224	0.113	1	chr20-63706654-63708916	3
0.0246139408635246	0.552880280390368	0.643	0.617	1	chr8-133447002-133520787	3
0.02472245594293	0.972728482695343	0.286	0.174	1	chr6-133951761-133954386	3
0.02479169422694	0.863078013795961	0.306	0.191	1	chr10-117374112-117376829	3
0.0251160096647341	0.964033685019836	0.286	0.174	1	chr7-27344477-27348170	3
0.0260212970856233	0.82057013486491	0.296	0.165	1	chr12-66168396-66170517	3
0.0261745419786815	0.966725358078334	0.276	0.165	1	chr1-234530736-234535030	3
0.0266606543816771	0.704582013846397	0.378	0.278	1	chr6-154508300-154512306	3
0.0270424111703163	0.86724624205032	0.255	0.139	1	chr20-3172985-3174785	3
0.0273597382670544	0.68614352650901	0.398	0.296	1	chr1-36223073-36225912	3
0.0280257748398435	0.877503962654035	0.286	0.174	1	chr1-212949852-212951577	3
0.0281719158987905	1.05400986719514	0.204	0.096	1	chr2-235007278-235009399	3
0.028357818736859	0.789420868255733	0.378	0.278	1	chr1-84689253-84691865	3
0.0283887867865453	1.04539680449225	0.245	0.139	1	chr12-49841638-49843625	3
0.0284622710711646	1.07632903114786	0.235	0.13	1	chr1-204213427-204214862	3
0.0289293311783634	0.857315663155228	0.296	0.183	1	chr1-180229005-180232419	3
0.0293591368336405	0.892548792196038	0.296	0.165	1	chr20-58888052-58893063	3
0.0293685128389414	0.875101229581019	0.316	0.226	1	chr6-144094577-144096451	3
0.0296432245608658	1.0805904510444	0.224	0.122	1	chr7-87423643-87424883	3
0.0296439958095402	0.627517452359874	0.398	0.287	1	chr4-1289031-1291492	3
0.030408223961226	0.84443640976676	0.296	0.2	1	chr1-225997931-226000199	3
0.0309479851845268	1.05672493785831	0.224	0.122	1	chr1-156851504-156853396	3
0.031673604305105	1.04760726452326	0.276	0.174	1	chr17-17876618-17878789	3
0.0320983679198743	1.3163498667116	0.214	0.122	1	chr3-128384874-128386339	3
0.0325242209932717	0.837763915119438	0.296	0.183	1	chr3-79017328-79020413	3
0.0335466428836198	0.355646087532201	0.673	0.643	1	chr12-6960502-6972162	3
0.0339350560041494	0.850736753603472	0.276	0.174	1	chr5-179549731-179551722	3
0.0339931942041827	1.07901318082128	0.224	0.13	1	chr12-120902948-120904925	3
0.0343504098844082	0.832952383576029	0.316	0.217	1	chr21-36698036-36702019	3
0.0347484296584106	0.743350670863831	0.388	0.296	1	chr16-89559344-89566732	3
0.0355774044512379	0.80207763700323	0.337	0.235	1	chr2-2660738-2664385	3
0.0369797999521748	0.992023820522524	0.224	0.122	1	chr10-7232988-7234538	3
0.0372024834857674	0.951186421452973	0.296	0.209	1	chr12-110500798-110502751	3
0.0372159226183637	0.974678706324393	0.214	0.113	1	chr5-56421260-56423332	3
0.0377442605021522	1.1088824888523	0.204	0.113	1	chr8-58065537-58068548	3
0.038392270480342	0.85055013413669	0.265	0.165	1	chr22-46006125-46008716	3
0.038573233854586	0.710123812136836	0.367	0.296	1	chr17-75556711-75560476	3
0.0390067666843389	0.775083640782464	0.306	0.191	1	chr2-159285654-159287571	3
0.039032024042643	0.92590192373062	0.235	0.13	1	chr2-202032975-202035159	3
0.039058372896906	1.0451527341688	0.255	0.165	1	chr1-229269538-229272867	3
0.0391700378242496	1.0129598263887	0.214	0.113	1	chr21-42233000-42235349	3
0.0396606852484139	0.883146093680462	0.265	0.157	1	chr16-85752647-85754922	3
0.0401865648848369	0.733434676551442	0.327	0.235	1	chr3-88148667-88150810	3
0.0403500117912909	0.906874153393115	0.276	0.174	1	chr7-83161773-83163964	3
0.0405206593877556	0.913861992826293	0.224	0.122	1	chr4-705198-706410	3
0.040636206922857	0.982908508017293	0.204	0.104	1	chr2-171893570-171894922	3
0.0407820012678839	1.09652338839792	0.204	0.113	1	chr12-96093486-96094858	3
0.0409590529238251	0.974850264453468	0.235	0.139	1	chr8-144426519-144430128	3
0.0422240494586943	0.806221929505687	0.265	0.148	1	chr7-20329186-20331370	3
0.0428012247921725	0.734493895363587	0.306	0.191	1	chr12-53674993-53676683	3
0.0429202610908744	1.03777891015153	0.204	0.113	1	chr22-31749082-31750716	3
0.0431559710593962	0.99738229548647	0.214	0.122	1	chr20-48619822-48621740	3
0.0444002020279784	0.787512585397045	0.286	0.191	1	chr21-31730548-31734156	3
0.0444110961291966	0.847669117152964	0.276	0.174	1	chr11-134033351-134035782	3
0.045343181096069	1.04948846731548	0.214	0.122	1	chr16-87492598-87493670	3
0.0454129999862255	0.695247164297228	0.316	0.2	1	chr1-207315797-207317383	3
0.0454629073991452	0.889494187380639	0.235	0.13	1	chr19-1074311-1076149	3
0.0457166506908688	1.03403547621012	0.214	0.122	1	chr3-52770084-52771721	3
0.0464779607552757	1.00138860487433	0.235	0.139	1	chr5-115261439-115263513	3
0.0470342732307805	1.06621750924338	0.245	0.157	1	chr1-224356339-224358460	3
0.049697206800004	0.468855007547866	0.5	0.443	1	chr1-241518364-241520546	3
0.04991899779796	0.639565722910916	0.398	0.313	1	chr16-84503851-84506841	3
0.0500838279420282	0.808501288429347	0.286	0.191	1	chr12-54324359-54327580	3
0.0507441616170054	0.99330190074974	0.204	0.113	1	chr2-203327565-203329396	3
0.0507935351113348	0.880243252466907	0.255	0.165	1	chr7-36289698-36292462	3
0.0515655624601682	0.51532842395172	0.439	0.304	1	chr11-134223218-134226322	3
0.0520533681660042	0.971743598538639	0.214	0.122	1	chr16-89300202-89302542	3
0.0523024339050458	0.8221422028889	0.255	0.157	1	chr2-227324417-227326526	3
0.0524172488724699	0.641336137368278	0.357	0.278	1	chr6-30555514-30557971	3
0.052911121170234	0.982011305424026	0.214	0.13	1	chr19-7628632-7630222	3
0.05349002874344	0.882368501913597	0.224	0.13	1	chr1-10774048-10777152	3
0.0542807574514604	0.727514398736005	0.327	0.243	1	chr12-3313608-3316058	3
0.0545315782204426	0.873976564993257	0.265	0.183	1	chr1-16622757-16625343	3
0.054636549632229	0.956704533112374	0.204	0.113	1	chr14-105397449-105399724	3
0.0546446502943267	0.848617154405067	0.255	0.165	1	chr3-11600130-11603273	3
0.0548310603571901	0.784664082145325	0.286	0.191	1	chr12-109097285-109099171	3
0.0550482890353947	1.0078307479725	0.214	0.122	1	chr14-30621085-30623009	3
0.0557013861090179	0.681327677254101	0.327	0.226	1	chr10-12194520-12197656	3
0.0559299071656799	0.927638578412619	0.214	0.122	1	chr19-29810561-29812913	3
0.0559881174351349	0.907978292622894	0.204	0.113	1	chr1-16947535-16949515	3
0.0568524550393426	0.619153008450242	0.367	0.296	1	chr8-78665258-78666991	3
0.0574494587717464	0.763953396024044	0.306	0.226	1	chr10-102064665-102067091	3
0.0576441469009183	0.793483567482817	0.286	0.209	1	chr4-686668-689992	3
0.0578334152920178	0.873225390694969	0.204	0.113	1	chr12-95102641-95103867	3
0.0578628120587734	0.948500517358785	0.224	0.139	1	chr16-1377687-1380642	3
0.0579952944012699	0.772411472512898	0.296	0.217	1	chr6-165659723-165664539	3
0.0587046380407075	0.902749270827685	0.224	0.13	1	chr10-129689142-129691690	3
0.0587331225591061	0.695075016257878	0.286	0.191	1	chr5-122844216-122848140	3
0.0588031746984755	0.825934543235789	0.245	0.157	1	chr7-1503333-1505100	3
0.0595479969386958	0.925258121048364	0.235	0.148	1	chr10-97713048-97715400	3
0.0600765245836357	0.823652615348885	0.235	0.139	1	chr2-196925587-196927581	3
0.0601047385661796	0.861699341018694	0.224	0.139	1	chr17-45425004-45426380	3
0.0607556903175458	0.834421880143867	0.235	0.139	1	chr1-224112958-224115183	3
0.0611464137117781	0.986960774727162	0.214	0.13	1	chr3-30904107-30906343	3
0.062478766459575	0.695433785882594	0.296	0.2	1	chr2-222654594-222657378	3
0.0629321061736346	0.88156411793061	0.255	0.174	1	chr7-50066830-50070301	3
0.0632889219969832	0.678368279956882	0.286	0.191	1	chr20-62141415-62144877	3
0.0633028958356706	0.96528726600736	0.214	0.13	1	chr11-34167370-34169990	3
0.0633640060172807	0.964064028533142	0.224	0.139	1	chr20-62227525-62229159	3
0.063369726208683	0.514051073220148	0.449	0.357	1	chr1-234956838-234964911	3
0.0634561827653691	1.01210768293122	0.204	0.122	1	chr7-151875044-151877950	3
0.0656335932301742	0.757862072971397	0.255	0.174	1	chr4-105707789-105709645	3
0.0659904065577169	0.918296581894033	0.204	0.122	1	chr6-169722508-169724679	3
0.0664945233228867	0.873364244047665	0.245	0.157	1	chr20-31942126-31944467	3
0.0667840932575736	0.790668290982943	0.265	0.174	1	chr2-196170060-196172343	3
0.0671398451994094	0.656927779066828	0.316	0.217	1	chr6-111872474-111874420	3
0.0671979434087207	1.07588891994636	0.204	0.13	1	chr2-208013442-208016177	3
0.068074457850257	0.960838921945114	0.214	0.139	1	chr11-65491395-65495006	3
0.0681782409059824	0.791569221938951	0.265	0.174	1	chr12-113965444-113967076	3
0.0706541113331301	0.511731413647859	0.418	0.313	1	chr7-7181453-7183679	3
0.0722587502828608	0.740891511517976	0.265	0.191	1	chr7-139775512-139779090	3
0.0727596466976705	0.829653352924658	0.235	0.157	1	chr12-62259125-62261520	3
0.0731540617533936	0.66149416316382	0.316	0.209	1	chr1-45010149-45013172	3
0.0738813234641051	0.90857853608523	0.214	0.139	1	chr2-32277378-32279063	3
0.0739352383466517	0.895401531129369	0.214	0.13	1	chr2-201641903-201643830	3
0.0740522721893101	0.585291548784082	0.388	0.313	1	chr19-1452923-1456619	3
0.0743288975972883	0.53641767509663	0.357	0.27	1	chr3-33113232-33115006	3
0.074989006022271	0.424062533876875	0.51	0.426	1	chr1-248857175-248860279	3
0.0751308726685361	0.743657044077691	0.265	0.183	1	chr17-50531431-50534988	3
0.0758512631393958	0.805281785025314	0.255	0.174	1	chr16-84115890-84118009	3
0.076325774051907	0.536366797083442	0.388	0.296	1	chr7-150367064-150371927	3
0.077215629060684	0.900167944230404	0.214	0.139	1	chr17-30905609-30907380	3
0.0778082139310029	0.404877295883905	0.592	0.539	1	chr1-243253112-243257141	3
0.0779309796612863	0.718059460399129	0.235	0.139	1	chr6-168196099-168197248	3
0.0781503134805415	0.851066276481865	0.204	0.122	1	chr16-85605070-85609128	3
0.0791641662882368	0.543766205066106	0.418	0.322	1	chr5-33438900-33443288	3
0.0792933776169224	0.702768863154318	0.245	0.157	1	chr7-101153905-101158015	3
0.0793358747144738	0.820831055530132	0.214	0.13	1	chr6-71287119-71289911	3
0.079379221225807	0.88680480630417	0.204	0.13	1	chr1-219173383-219175563	3
0.079527933017151	0.577510514774981	0.347	0.261	1	chr7-141013880-141015745	3
0.0798865811784134	0.873761165258481	0.245	0.165	1	chr2-96143900-96149120	3
0.0799952268333191	0.548983583708612	0.429	0.374	1	chr6-154731636-154735219	3
0.080872038408836	0.643358408998547	0.276	0.183	1	chr7-36036406-36038613	3
0.0813147539052468	0.629854992482812	0.327	0.252	1	chr10-121993684-121996238	3
0.0814332688410101	0.614326991863658	0.347	0.261	1	chr8-144513836-144518897	3
0.0815855085951354	0.495931415856992	0.418	0.313	1	chr1-77975584-77980472	3
0.0817761033468773	0.918897902295379	0.204	0.13	1	chr17-78973945-78976135	3
0.0818459837821493	0.707289511838729	0.235	0.148	1	chr10-132704412-132705938	3
0.0820009170797884	0.669809893650208	0.286	0.2	1	chr8-17155327-17157641	3
0.0821017933788135	0.754522265875561	0.245	0.165	1	chr2-70084800-70090084	3
0.0821810798416855	0.733906448236126	0.265	0.183	1	chr1-177871707-177873956	3
0.0823817284951712	0.909675843542232	0.204	0.122	1	chr6-96836141-96838162	3
0.0830021407822064	0.712731881852315	0.235	0.148	1	chr1-204515724-204517263	3
0.083916538631883	0.854721342140343	0.255	0.174	1	chr3-87225714-87228700	3
0.0841714957586092	0.765301773452665	0.235	0.148	1	chr19-21141626-21142707	3
0.0850630368842912	0.625384058282393	0.286	0.191	1	chr1-2081672-2083155	3
0.0851948174703481	0.69359758438065	0.286	0.2	1	chr2-156331554-156335963	3
0.0870991573586554	0.619358763604527	0.327	0.243	1	chr6-166997456-167000072	3
0.0875572060120902	0.770912880000864	0.235	0.157	1	chr19-266646-267836	3
0.0877674256767499	0.856389002826537	0.245	0.174	1	chr1-236603555-236605381	3
0.0881154445000708	0.59832428898707	0.306	0.226	1	chr5-178130251-178132229	3
0.0886014974299129	0.609529519649481	0.276	0.174	1	chr20-45811769-45813391	3
0.0894046137646348	0.790046298380775	0.204	0.122	1	chr1-233294846-233296392	3
0.0895050519061536	0.630023698332176	0.286	0.191	1	chr6-112086398-112088408	3
0.0903453836831758	0.437267812033695	0.418	0.313	1	chr19-1103347-1108250	3
0.0909539205634419	0.708328199642158	0.296	0.226	1	chr7-122885431-122887881	3
0.0910298639470436	0.649886168967199	0.327	0.252	1	chr1-234372807-234374412	3
0.0919454218226039	0.749233686391202	0.255	0.165	1	chr1-911121-922402	3
0.0924734209519408	0.766825821980233	0.235	0.157	1	chr6-42745020-42749485	3
0.0924734209519408	0.84137803597645	0.235	0.157	1	chr7-72878671-72880419	3
0.0927524243422707	0.788676144885063	0.204	0.122	1	chr17-77449637-77452825	3
0.0936021241008763	0.660230104932885	0.265	0.183	1	chr2-95525407-95527705	3
0.0940134518467104	0.654588288684567	0.235	0.148	1	chr3-170180019-170182079	3
0.0940134518467104	0.668757786698326	0.235	0.148	1	chr7-149261255-149263260	3
0.094305868108687	0.698076751563959	0.276	0.191	1	chr6-107956553-107958949	3
0.0948149670913791	0.549023838617279	0.286	0.209	1	chr6-43368520-43370402	3
0.0951428740780836	0.700638211529255	0.255	0.183	1	chr17-32875937-32878578	3
0.0952950080100052	0.669129795090972	0.245	0.157	1	chr20-2872456-2874444	3
0.0953181924942048	0.631236741329142	0.276	0.2	1	chr3-195257774-195260880	3
0.0966478602038374	0.740114294671504	0.265	0.183	1	chr19-4454790-4458372	3
0.0975230538996702	0.413327399549139	0.48	0.426	1	chr3-150761433-150764831	3
0.0977413801983839	0.707135238336627	0.245	0.165	1	chr21-17818204-17820491	3
0.0983874460765594	0.724271677632342	0.245	0.165	1	chr17-52418746-52420249	3
0.0989487629063388	0.62312019061713	0.286	0.191	1	chr1-204285612-204288733	3
0.102305644617017	0.613223341965708	0.276	0.191	1	chr8-31033212-31035042	3
0.102687320145761	0.528210379287188	0.306	0.226	1	chr12-98592604-98596078	3
0.102746485749297	0.697043797581858	0.255	0.183	1	chr1-63592702-63594839	3
0.10484834342779	0.811900771785824	0.214	0.139	1	chr6-43058967-43060753	3
0.105171866270126	0.645654846944981	0.306	0.235	1	chr19-1039521-1041571	3
0.105376758328261	0.719309413368243	0.224	0.139	1	chr1-42845982-42847332	3
0.10603603067536	0.606564948848348	0.357	0.287	1	chr16-75249763-75255644	3
0.106195385338182	0.654150954319233	0.296	0.217	1	chr1-108691203-108693827	3
0.106595869786516	0.795651395183976	0.255	0.191	1	chr6-109690081-109691988	3
0.106837366040872	0.912289019302223	0.204	0.13	1	chr3-169966097-169967805	3
0.107610366482053	0.768972827402647	0.224	0.148	1	chr5-178859434-178860752	3
0.109135686238428	0.503893390214346	0.347	0.27	1	chr8-143615991-143618753	3
0.109169850214601	0.470454297100796	0.449	0.383	1	chr5-32311510-32315191	3
0.10957740801092	0.681860353700341	0.245	0.174	1	chr19-10959894-10962338	3
0.109754664216138	0.73732016971276	0.224	0.157	1	chr11-70202709-70205308	3
0.109754664216138	0.762884354947796	0.224	0.157	1	chr12-6612573-6614629	3
0.109829140769753	0.464985389639209	0.418	0.339	1	chr1-11804216-11807037	3
0.110505916667877	0.614199451717369	0.276	0.2	1	chr17-49677070-49678664	3
0.110628790269616	0.502282304289067	0.398	0.339	1	chr1-183021761-183025153	3
0.110647625005363	0.775798238870701	0.204	0.13	1	chr4-986176-988645	3
0.111216501190207	0.824863526666657	0.224	0.157	1	chr3-40262191-40266261	3
0.111252277899618	0.790319720978589	0.214	0.148	1	chr3-41198653-41200909	3
0.111422401890106	0.793318994760062	0.204	0.13	1	chr1-220335308-220337986	3
0.111422401890106	0.809882348137166	0.204	0.13	1	chr4-88006926-88009014	3
0.111692440968951	0.646536421327481	0.265	0.183	1	chr8-19312323-19314846	3
0.112342073378553	0.747823472591355	0.245	0.183	1	chr12-1690369-1691852	3
0.113011001635073	0.476479167650696	0.357	0.278	1	chr5-469804-481236	3
0.113107945599727	0.520819518610203	0.327	0.243	1	chr12-29380139-29382304	3
0.113423851845413	0.618720075643496	0.296	0.235	1	chr6-5259476-5262589	3
0.113545676916067	0.474979473890854	0.408	0.33	1	chr11-74169878-74172478	3
0.115196838375747	0.586645495664339	0.286	0.2	1	chr12-110279533-110282631	3
0.115379590435408	0.376513047994904	0.449	0.383	1	chr1-246607754-246609906	3
0.11538588763034	0.311417561414356	0.694	0.73	1	chr8-133522116-133576268	3
0.115765384402994	0.697881323472725	0.255	0.183	1	chr14-92105140-92107262	3
0.116064440271018	0.611964828426974	0.296	0.226	1	chr2-199954105-199956988	3
0.116314069049027	0.423806793544457	0.48	0.4	1	chr1-246930003-246932833	3
0.116966335237134	0.745109244186338	0.204	0.13	1	chr14-58426195-58428651	3
0.117500161674984	0.743577021789551	0.235	0.165	1	chr3-48738920-48741154	3
0.117500161674984	0.643103022889329	0.235	0.165	1	chr17-10119444-10120427	3
0.118013074579691	0.452075482450581	0.398	0.304	1	chr1-225425787-225429188	3
0.11825453528848	0.751815024719324	0.235	0.165	1	chr4-47462435-47464184	3
0.118479899724628	0.779322190401161	0.245	0.183	1	chr6-108259937-108262073	3
0.11901270234852	0.782627061145446	0.235	0.165	1	chr17-82874108-82877381	3
0.11921893506884	0.722040084787156	0.245	0.183	1	chr2-236823200-236826150	3
0.119533126523026	0.715946008373742	0.224	0.157	1	chr21-32278019-32280118	3
0.120312723857638	0.804273491635703	0.224	0.157	1	chr8-37898669-37900130	3
0.120546827299266	0.825434370124161	0.214	0.148	1	chr6-107027695-107029278	3
0.121021116335886	0.59217849216416	0.276	0.183	1	chr17-80454120-80455684	3
0.121730664085601	0.665310896125404	0.265	0.2	1	chr6-144215347-144217673	3
0.121775360662029	0.48361640463495	0.347	0.27	1	chr10-122878787-122880648	3
0.122724592198982	0.720618793250553	0.204	0.13	1	chr12-51082627-51084016	3
0.124268336796007	0.636709201371442	0.306	0.252	1	chr6-136821876-136823668	3
0.124312106320907	0.439893641871006	0.378	0.296	1	chr2-32356093-32358613	3
0.124473263440504	0.587512628561712	0.224	0.148	1	chr7-54757731-54760484	3
0.125048666482602	0.37537035454908	0.429	0.374	1	chr6-159788284-159791631	3
0.12507419644974	0.805058116538374	0.224	0.157	1	chr20-50152230-50154459	3
0.125185490049812	0.453009763604687	0.398	0.339	1	chr3-195892553-195898425	3
0.126346099865454	0.415205357156523	0.367	0.261	1	chr17-7581924-7585093	3
0.126887328644504	0.525998018846515	0.367	0.296	1	chr8-67061218-67065537	3
0.12722374019959	0.58687207622431	0.337	0.27	1	chr1-178092864-178095136	3
0.127246329775561	0.632282694588877	0.286	0.226	1	chr3-23112432-23116496	3
0.127318067837824	0.667314830582238	0.255	0.183	1	chr6-42448984-42453608	3
0.127705387924569	0.639970176072635	0.255	0.183	1	chr4-182916462-182918512	3
0.127743866977634	0.661618601596919	0.265	0.191	1	chr4-16222749-16228811	3
0.128508425956246	0.647257415893855	0.265	0.191	1	chr1-155933142-155935359	3
0.12921915073428	0.687576028476155	0.235	0.165	1	chr6-98946698-98948583	3
0.12921915073428	0.725616373684316	0.235	0.165	1	chr12-49322174-49323676	3
0.129574028930832	0.696024357038701	0.204	0.13	1	chr1-109099605-109101915	3
0.129590792408848	0.792222000281972	0.214	0.148	1	chr6-134173873-134176210	3
0.129689709740032	0.686468962114428	0.255	0.191	1	chr4-145481029-145483819	3
0.130031593291267	0.689464724175914	0.235	0.165	1	chr8-96493111-96495971	3
0.130046417270142	0.718908420730862	0.235	0.157	1	chr2-241635698-241638343	3
0.130581102570034	0.666916711751142	0.245	0.174	1	chr10-21172191-21175687	3
0.130595939097248	0.419503432710213	0.388	0.304	1	chr4-75512038-75515682	3
0.131331929017247	0.69457885265188	0.204	0.13	1	chr12-123632720-123634909	3
0.132802254901603	0.616296161098834	0.286	0.217	1	chr22-24592088-24595393	3
0.132921573805908	0.496905859864387	0.327	0.261	1	chr8-144077298-144080346	3
0.133221280826741	0.572550593839248	0.255	0.183	1	chr22-44497111-44498963	3
0.134058236746496	0.76885015172805	0.204	0.139	1	chr10-43137299-43139428	3
0.135053315424939	0.689095227014711	0.235	0.157	1	chr14-75831158-75833364	3
0.135360977124727	0.627340765750036	0.276	0.209	1	chr17-82331477-82335712	3
0.136012826815767	0.557750443499077	0.306	0.226	1	chr7-17939010-17941652	3
0.136740810796531	0.819396388779242	0.204	0.139	1	chr16-75108647-75112094	3
0.137105885181905	0.60455651335523	0.224	0.148	1	chr5-150699895-150701884	3
0.137122826234778	0.668637247972107	0.245	0.174	1	chr7-87933529-87935282	3
0.13727282243066	0.613798393787103	0.255	0.183	1	chr19-488353-490130	3
0.137644147609967	0.771770571165124	0.204	0.139	1	chr2-156340372-156343820	3
0.138188210818304	0.524223689765237	0.286	0.217	1	chr3-169661777-169664040	3
0.139232136255139	0.598173112618501	0.235	0.165	1	chr4-88522541-88524687	3
0.139464616007751	0.686135275988871	0.204	0.139	1	chr3-10319862-10321655	3
0.139884475220482	0.470209988303392	0.347	0.27	1	chr3-9842830-9844724	3
0.140155754929008	0.525345899251748	0.306	0.243	1	chr7-157138112-157141040	3
0.140922039985073	0.572183770135491	0.306	0.243	1	chr4-22514277-22517145	3
0.142259350723159	0.57629750511396	0.255	0.183	1	chr19-9826520-9828908	3
0.142793351522963	0.468087013475858	0.408	0.357	1	chr10-35640284-35643640	3
0.14284128825096	0.567667356409332	0.235	0.157	1	chr7-1086499-1088601	3
0.1433197465904	0.442044940368566	0.327	0.252	1	chr19-39154022-39158214	3
0.143512346516137	0.626580806345503	0.265	0.2	1	chr1-7571949-7575158	3
0.143675103274044	0.704928766916547	0.214	0.148	1	chr8-42337632-42339486	3
0.143797857165064	0.731921663514421	0.224	0.157	1	chr6-82246292-82248838	3
0.144221619992724	0.66615640488786	0.235	0.174	1	chr12-49264045-49266193	3
0.144690998850019	0.794851945210227	0.214	0.157	1	chr7-50449385-50451377	3
0.146014283546651	0.595452045101053	0.316	0.261	1	chr3-53890764-53892782	3
0.146246129606249	0.408394436563843	0.388	0.313	1	chr16-89718199-89724595	3
0.146378926116806	0.502518120838627	0.347	0.278	1	chr14-20454016-20456216	3
0.148834732023358	0.642900404501901	0.224	0.148	1	chr17-7350919-7352665	3
0.148846126057684	0.642032163274396	0.204	0.139	1	chr6-43427090-43429111	3
0.149115886016078	0.571630156979017	0.276	0.217	1	chr6-100880386-100882454	3
0.149575286535607	0.513374235653949	0.296	0.226	1	chr3-13417959-13420928	3
0.149927870269085	0.327469823802003	0.469	0.417	1	chr1-193058128-193061424	3
0.150780122732293	0.604983366732986	0.265	0.209	1	chr10-110007695-110012274	3
0.151175628263943	0.818191427444339	0.214	0.157	1	chr6-163412957-163417188	3
0.151175628263943	0.689827952376785	0.214	0.157	1	chr16-69565120-69567808	3
0.151391578384597	0.657953819327546	0.255	0.2	1	chr1-155276876-155278947	3
0.151663950343368	0.560464500874005	0.276	0.209	1	chr17-80759965-80761297	3
0.152679942736103	0.35696269238977	0.459	0.417	1	chr3-49019936-49026945	3
0.152822633581562	0.602677912833599	0.306	0.252	1	chr3-33095339-33098005	3
0.153456762047753	0.594344817793869	0.296	0.235	1	chr7-156891940-156894052	3
0.153456762047753	0.54533792606105	0.296	0.235	1	chr19-55475827-55477638	3
0.154434433291798	0.555089848902315	0.255	0.183	1	chr1-228107801-228110501	3
0.154543759597643	0.650016528721868	0.245	0.183	1	chr11-89555435-89558112	3
0.155093614874248	0.609324264866987	0.265	0.209	1	chr12-100572931-100575007	3
0.155906084851928	0.564847174170209	0.255	0.174	1	chr21-36186337-36189294	3
0.156787565168591	0.615731031346157	0.224	0.157	1	chr2-120625449-120627055	3
0.156908129904908	0.723350361533277	0.214	0.157	1	chr12-110047817-110049189	3
0.156932768612355	0.553985486228651	0.306	0.243	1	chr4-991761-994600	3
0.157055571061701	0.683116454495808	0.224	0.165	1	chr1-16913365-16914898	3
0.157271178886627	0.505273189107425	0.357	0.304	1	chr1-7960397-7962356	3
0.15935605508142	0.7722830005024	0.204	0.148	1	chr7-6270748-6273986	3
0.15935605508142	0.729682771435943	0.204	0.148	1	chr12-63779334-63780758	3
0.16034163991052	0.535409503125739	0.286	0.226	1	chr12-115871206-115873911	3
0.160627838459948	0.398971447241755	0.459	0.426	1	chr17-73306928-73312903	3
0.160731085435982	0.682335409252115	0.204	0.139	1	chr4-55853091-55854492	3
0.160818093816734	0.618571371955126	0.265	0.2	1	chr7-139230520-139232652	3
0.160820381580341	0.77189118032926	0.214	0.157	1	chr7-151917528-151919255	3
0.160980160263546	0.425581531339367	0.378	0.304	1	chr22-41618840-41622266	3
0.161355897386565	0.521458333012425	0.327	0.27	1	chr2-200887633-200890437	3
0.161426990405813	0.484609647350354	0.286	0.217	1	chr7-99407333-99410246	3
0.161636327366885	0.553171948618755	0.224	0.157	1	chr10-114937714-114939678	3
0.161660727039511	0.438091774105635	0.378	0.339	1	chr7-102748097-102749983	3
0.161752977464258	0.752685228257555	0.204	0.139	1	chr8-66924215-66926154	3
0.162019989416544	0.699616446106858	0.235	0.183	1	chr1-230867415-230869486	3
0.163001906493739	0.513790356479455	0.327	0.252	1	chr12-96034457-96036511	3
0.163226897535864	0.381071287294318	0.388	0.33	1	chr11-134252214-134255389	3
0.163815980476807	0.632594479513062	0.224	0.165	1	chrX-15737479-15738833	3
0.163921117716518	0.632245646463882	0.235	0.183	1	chr1-1406173-1408289	3
0.164328850475518	0.693351716092976	0.204	0.139	1	chr14-104825988-104828117	3
0.164599440736405	0.6164431327135	0.224	0.157	1	chrX-1591188-1593380	3
0.166654889903662	0.639951535566388	0.245	0.183	1	chr4-44677711-44679537	3
0.167002365801096	0.550216337837847	0.214	0.139	1	chr2-203578679-203580108	3
0.167233821050745	0.556753718802819	0.265	0.2	1	chr7-23596882-23598994	3
0.167669638450064	0.611852511318771	0.265	0.209	1	chr5-41868829-41871133	3
0.168119500390781	0.492249890116478	0.316	0.261	1	chr1-229624523-229627372	3
0.168633304849274	0.677983401137781	0.255	0.209	1	chr5-154712197-154714999	3
0.168747422246568	0.73381901274195	0.235	0.183	1	chr1-206539744-206541389	3
0.169491333986627	0.549018013396465	0.286	0.217	1	chr11-65786227-65793889	3
0.169550338182732	0.604588544712999	0.255	0.2	1	chr6-153001789-153004067	3
0.169600216042231	0.428598542808635	0.347	0.278	1	chr17-4938687-4941316	3
0.171672198306921	0.579389072171141	0.224	0.157	1	chr1-44985374-44987371	3
0.173721619645805	0.41738254836185	0.316	0.243	1	chr21-33478214-33480819	3
0.174012040560558	0.510554167768967	0.357	0.322	1	chr1-222710299-222714469	3
0.174286047218165	0.459960380303535	0.306	0.243	1	chr1-229842910-229846132	3
0.174617893136971	0.456513096511665	0.316	0.243	1	chr16-69338675-69340749	3
0.175508181758933	0.369542345151276	0.429	0.4	1	chr14-66506945-66509741	3
0.175790209966274	0.541616415127325	0.265	0.191	1	chr1-100036964-100039621	3
0.175911927792361	0.661320387411159	0.224	0.165	1	chr11-32829069-32831038	3
0.176131665951188	0.566864211388855	0.255	0.183	1	chr1-45348010-45350070	3
0.1762067899734	0.450676305668158	0.296	0.235	1	chr1-43357808-43359566	3
0.176909986426844	0.517311553486841	0.286	0.217	1	chr2-24792277-24794311	3
0.177208488313472	0.638478562172759	0.214	0.157	1	chr6-150865086-150866936	3
0.177301321517618	0.514525517700701	0.327	0.278	1	chr8-133849990-133852811	3
0.177341946927333	0.444660484221193	0.337	0.278	1	chr3-197748980-197751912	3
0.177368719518463	0.687807399682633	0.235	0.174	1	chr19-36007786-36010152	3
0.177813162746176	0.478935777649543	0.316	0.261	1	chr1-9161254-9165945	3
0.178272607110133	0.731354986601213	0.214	0.157	1	chr6-128519383-128521527	3
0.179207133872294	0.543948293829067	0.255	0.191	1	chr11-95089293-95091310	3
0.179257482594386	0.814968471176769	0.204	0.148	1	chr1-145926572-145928961	3
0.179257482594386	0.630563875856176	0.204	0.148	1	chr20-63973516-63975884	3
0.180068144682847	0.475224280195412	0.316	0.243	1	chr16-72092698-72094680	3
0.180204193899285	0.497927097022867	0.255	0.191	1	chr16-67028251-67030341	3
0.18020983085149	0.640546670534525	0.255	0.2	1	chr2-241091331-241095965	3
0.180401354570502	0.593232995574102	0.347	0.313	1	chr8-85219472-85221656	3
0.181793858794582	0.647637966191985	0.235	0.183	1	chr22-46595594-46597631	3
0.182724464520246	0.557971614056778	0.286	0.226	1	chr6-142844492-142846951	3
0.182962848116863	0.587002407474798	0.265	0.209	1	chr1-151830493-151833389	3
0.183204994695996	0.536795454161456	0.235	0.165	1	chr3-24286824-24289428	3
0.183684916040832	0.549959188431589	0.286	0.226	1	chr3-53154842-53157119	3
0.184111931805556	0.646862800121738	0.255	0.209	1	chr1-169367046-169369035	3
0.18419490698831	0.473685379311279	0.316	0.261	1	chr8-89756606-89759985	3
0.18464910180533	0.446010097464078	0.296	0.217	1	chr3-37241955-37245437	3
0.184691657105628	0.407956447684456	0.357	0.287	1	chr10-102743216-102745176	3
0.186034182764699	0.439989073043822	0.347	0.296	1	chr8-144790273-144794072	3
0.186049039972008	0.443882837341791	0.316	0.261	1	chr12-48955946-48958440	3
0.186933064862294	0.443019065785995	0.347	0.296	1	chr7-149194837-149198252	3
0.187467663275993	0.583689439481982	0.224	0.174	1	chr17-731664-734089	3
0.188445820203786	0.401252759961543	0.418	0.357	1	chr7-123746805-123750110	3
0.188448882339313	0.722761892975759	0.204	0.157	1	chr3-52470871-52472730	3
0.190266536838298	0.302198880244255	0.52	0.513	1	chr4-56434309-56438165	3
0.191503482885534	0.422461554746085	0.296	0.217	1	chr17-38869088-38872185	3
0.191953122081848	0.55260016243269	0.224	0.165	1	chr2-128304434-128307017	3
0.191953122081848	0.603692261643125	0.224	0.165	1	chr3-174954490-174957789	3
0.192745515520714	0.664769847165895	0.204	0.148	1	chr16-11756953-11758550	3
0.192745515520714	0.666355207093228	0.204	0.148	1	chr17-1480383-1483032	3
0.192873349890781	0.488643601435656	0.357	0.304	1	chr10-89643514-89646143	3
0.193268222452761	0.507424478823772	0.265	0.2	1	chr19-659416-664113	3
0.193998288196378	0.635228784755128	0.224	0.174	1	chr12-55829055-55830627	3
0.19406609281098	0.585770285082278	0.245	0.183	1	chr6-80105978-80107409	3
0.194287603795384	0.541663179045972	0.235	0.174	1	chr3-129224583-129227267	3
0.194618927069074	0.390584712491656	0.439	0.409	1	chr10-28676867-28686146	3
0.195276080386157	0.576200135620196	0.214	0.148	1	chr4-128385220-128387957	3
0.195479756859429	0.407108891578764	0.347	0.278	1	chr11-133925835-133929587	3
0.196346555661981	0.493361675982136	0.296	0.235	1	chr12-113184298-113186543	3
0.197172150665667	0.523478181898671	0.265	0.209	1	chr21-45511591-45514535	3
0.197403269646361	0.685817448737551	0.204	0.148	1	chr16-30956657-30958955	3
0.198580475137304	0.566627251060836	0.204	0.148	1	chr3-133894147-133896242	3
0.19886018506782	0.571691248237064	0.235	0.183	1	chr2-168246046-168248253	3
0.199487693116291	0.590916900780627	0.286	0.235	1	chr21-32770540-32773350	3
0.199796893841446	0.584237247165923	0.224	0.165	1	chr2-32164604-32166582	3
0.199810247131669	0.570026705992206	0.235	0.174	1	chr5-88268227-88269912	3
0.199938579289689	0.521669527349369	0.255	0.191	1	chr10-68073931-68075868	3
0.20080341824543	0.368849489506395	0.347	0.296	1	chr12-6752064-6754312	3
0.200928400741226	0.48557295343526	0.235	0.174	1	chr3-61560336-61563148	3
0.201532999101306	0.620604423545476	0.265	0.217	1	chr6-43626824-43630713	3
0.201549128401221	0.399881829858726	0.367	0.322	1	chr7-158704377-158705989	3
0.203503156788351	0.521565361053454	0.265	0.209	1	chr22-50620089-50623618	3
0.20544667346534	0.511481917021437	0.235	0.174	1	chr19-33794908-33797772	3
0.205761170496643	0.437254191187501	0.296	0.243	1	chr11-124798760-124801306	3
0.205832488149283	0.433886010251104	0.286	0.217	1	chr1-37930952-37932633	3
0.207186732790631	0.55083119931087	0.245	0.191	1	chr16-15055309-15056793	3
0.207349179585436	0.366977864808587	0.337	0.261	1	chr4-3073437-3076456	3
0.20763272573652	0.571289457105342	0.214	0.157	1	chr1-202142810-202145763	3
0.207745598513767	0.588287683458908	0.245	0.191	1	chr2-233480045-233482844	3
0.208382579372904	0.542485727061381	0.316	0.27	1	chr3-128381677-128384161	3
0.208433723366681	0.340782517976812	0.398	0.357	1	chr3-184004882-184008884	3
0.208540582264236	0.326593175122713	0.439	0.426	1	chr12-122224738-122226954	3
0.210323060952077	0.345418563879737	0.398	0.33	1	chr17-82888603-82891591	3
0.211772862486529	0.392409640520323	0.347	0.313	1	chr7-97871101-97873114	3
0.211830380312065	0.618004609432578	0.235	0.183	1	chr8-144408119-144410110	3
0.212591648131694	0.498454121410697	0.224	0.165	1	chr16-2458915-2460740	3
0.213281505257012	0.425202333819341	0.337	0.27	1	chr6-28939466-28942292	3
0.213281505257012	0.446555296605459	0.327	0.278	1	chr10-132306601-132308940	3
0.214086852462235	0.442851780321456	0.296	0.243	1	chr10-131979448-131982743	3
0.214729473616544	0.561939691476649	0.235	0.183	1	chr4-78774849-78777469	3
0.215542098559279	0.694665270412988	0.265	0.226	1	chr17-47940787-47942734	3
0.21572983898342	0.533934675400059	0.255	0.2	1	chr17-81701764-81704862	3
0.215951352142603	0.449474592139794	0.337	0.287	1	chr14-103561195-103564534	3
0.216377355433628	0.412387161952508	0.306	0.243	1	chr16-28821964-28825198	3
0.216408697336134	0.519035895507947	0.245	0.183	1	chr12-123711438-123714280	3
0.216538848026593	0.430424020445035	0.327	0.261	1	chr7-149124969-149128424	3
0.216971213887903	0.561006997712912	0.224	0.174	1	chr9-113564329-113567190	3
0.217614588459795	0.383342423693618	0.316	0.261	1	chr17-1627500-1630400	3
0.218156131801645	0.600716956780555	0.235	0.191	1	chr12-109154106-109155595	3
0.21859912347648	0.504471111158039	0.224	0.165	1	chr17-44946895-44948335	3
0.221481054120032	0.566718281993233	0.245	0.191	1	chrX-106998625-107000709	3
0.221591411247705	0.586702191611073	0.255	0.209	1	chr1-229507428-229509514	3
0.22225100470211	0.551076980239382	0.265	0.217	1	chr2-108448049-108450366	3
0.22300854002514	0.602063903843616	0.224	0.174	1	chr1-226478575-226481745	3
0.223317407886282	0.386844049957954	0.276	0.217	1	chr1-161116976-161120425	3
0.223406548810421	0.344904817155245	0.327	0.252	1	chr3-180911718-180914025	3
0.223738789587095	0.556918668470165	0.316	0.278	1	chr11-126113087-126116727	3
0.224134434456518	0.326054532081624	0.378	0.33	1	chr16-2222970-2225276	3
0.225135639222012	0.369318388787456	0.398	0.383	1	chr6-111481476-111485053	3
0.225456824926006	0.570743423445714	0.224	0.174	1	chr16-2085189-2090713	3
0.225776246946084	0.498519061722716	0.347	0.313	1	chr1-247330460-247337703	3
0.226201038869842	0.669284136835444	0.235	0.2	1	chr17-81364811-81366642	3
0.226633573259557	0.51161422960061	0.276	0.243	1	chr10-133393498-133395496	3
0.227361323926783	0.57643184408736	0.214	0.157	1	chr1-36088288-36090178	3
0.228501567256372	0.391882821710731	0.378	0.339	1	chr1-176205353-176208581	3
0.229165140642496	0.618400722037247	0.224	0.174	1	chr6-37257165-37258484	3
0.229165140642496	0.506348365925335	0.224	0.174	1	chr10-17199207-17202138	3
0.229436852152985	0.466280394700976	0.255	0.191	1	chr6-27250809-27252470	3
0.229718026070125	0.513702256509913	0.224	0.165	1	chr6-43575151-43577405	3
0.230838276757966	0.560028978397143	0.204	0.157	1	chr2-183123423-183126285	3
0.230871202184701	0.406324347351806	0.347	0.304	1	chr1-52364430-52366967	3
0.230903692217101	0.560094859592937	0.286	0.252	1	chr14-22885749-22888276	3
0.231291344382931	0.437583770015359	0.276	0.217	1	chr8-127090084-127094235	3
0.231459394953964	0.648492772314704	0.214	0.165	1	chr4-76147252-76149339	3
0.231491910325055	0.604655123819392	0.235	0.183	1	chr22-39500787-39504011	3
0.231996591391698	0.448955036236637	0.286	0.226	1	chr11-62645034-62647383	3
0.231997278193371	0.516448628476757	0.265	0.217	1	chr21-46457498-46459398	3
0.232826170779188	0.510779966780641	0.276	0.226	1	chr19-12610241-12611942	3
0.233450392047113	0.665924968729789	0.204	0.157	1	chr3-127541339-127543277	3
0.23366900985567	0.396672080942816	0.316	0.261	1	chr11-47407223-47409245	3
0.234176796553046	0.588270464660172	0.224	0.174	1	chr12-50024761-50026105	3
0.234236667004724	0.522960714568584	0.255	0.191	1	chr7-100874024-100875976	3
0.235414614783005	0.398457993368471	0.306	0.261	1	chr3-186566216-186568073	3
0.235434676526342	0.449521887248703	0.276	0.235	1	chr20-3767003-3769233	3
0.236083395144986	0.616768224032789	0.204	0.157	1	chr6-97282232-97283930	3
0.236296611009082	0.454582068237486	0.276	0.226	1	chr12-95858348-95860480	3
0.23698322666666	0.523788510595235	0.286	0.243	1	chr12-92928119-92931021	3
0.237905371422719	0.611207940051923	0.214	0.165	1	chr16-70745480-70749914	3
0.238194017477098	0.434670231685053	0.337	0.304	1	chr3-52054973-52058318	3
0.239934246692066	0.483893392437285	0.224	0.165	1	chr19-1180389-1182331	3
0.240072169991166	0.617850658418016	0.204	0.157	1	chr12-122420854-122423658	3
0.241677960004124	0.499266718006631	0.214	0.157	1	chr6-117674612-117676541	3
0.242746866457711	0.535610994197943	0.235	0.183	1	chr5-56908996-56911007	3
0.243346870017475	0.456125495375175	0.276	0.226	1	chr9-89999032-90000731	3
0.24447709129874	0.540261048448772	0.214	0.165	1	chr17-39926362-39928877	3
0.244826399266173	0.519097888731721	0.265	0.226	1	chr1-1781486-1783819	3
0.245074890068133	0.409963899152942	0.286	0.243	1	chr7-6446739-6448879	3
0.246231238116203	0.306967651139557	0.388	0.357	1	chr1-212857042-212859266	3
0.246267804860533	0.457298312688783	0.265	0.217	1	chr4-6639619-6643686	3
0.24648167948123	0.250572615401213	0.52	0.461	1	chr1-228484939-228491495	3
0.246549298342926	0.560790831440957	0.255	0.209	1	chr14-92039143-92041598	3
0.246825231947242	0.454779232455183	0.214	0.148	1	chr5-172658883-172661051	3
0.247207332741927	0.480487097302964	0.255	0.2	1	chr7-129824600-129826391	3
0.247506042336859	0.651904773552477	0.224	0.183	1	chr2-241506773-241509750	3
0.248010972312256	0.512450874012701	0.286	0.243	1	chr2-241890484-241893463	3
0.248441339056662	0.268616287919869	0.49	0.487	1	chr1-211257029-211261667	3
0.248480756040304	0.572139385395709	0.214	0.165	1	chr11-447806-448902	3
0.249025426191993	0.346366485066779	0.439	0.4	1	chr3-50235268-50236673	3
0.250834067053065	0.271467419003249	0.337	0.27	1	chr1-153727329-153729178	3
0.250972075366703	0.397099321540508	0.296	0.235	1	chr2-232696571-232698242	3
0.25229367617772	0.295792998527159	0.449	0.409	1	chr1-230977119-230980264	3
0.253215327376589	0.418747269361951	0.296	0.261	1	chr14-105019799-105022245	3
0.253421184010924	0.397383097426165	0.327	0.296	1	chr21-39182411-39184719	3
0.253854588392659	0.539562360415839	0.214	0.157	1	chr12-121209616-121211192	3
0.253889990088716	0.56497234789035	0.214	0.165	1	chr1-226701743-226705079	3
0.255390838620811	0.363050617131573	0.388	0.365	1	chr1-32649387-32652232	3
0.256440620684056	0.302920921560196	0.469	0.426	1	chr12-45989247-45992590	3
0.256728013802719	0.624432345329806	0.224	0.183	1	chr21-32611082-32613877	3
0.257360060934466	0.546062018182636	0.245	0.2	1	chr4-24581839-24585185	3
0.25804716761343	0.463830726769161	0.276	0.235	1	chr14-23152753-23155921	3
0.25983140778225	0.292406455989174	0.459	0.426	1	chr8-144507379-144512284	3
0.260766071913508	0.556619383338999	0.214	0.165	1	chr22-23913362-23914600	3
0.262014646079365	0.401623401850216	0.357	0.296	1	chr21-14382409-14384187	3
0.262147347822603	0.626930371090486	0.204	0.157	1	chr9-136857685-136861332	3
0.262240071190915	0.410463203372325	0.286	0.217	1	chr7-33128635-33130414	3
0.262672392708644	0.481710261922514	0.276	0.217	1	chr1-220747322-220749400	3
0.26285406953197	0.416061669170649	0.306	0.27	1	chr1-150514825-150517905	3
0.263387774759774	0.538907447837562	0.214	0.174	1	chr14-64703821-64707241	3
0.263872727974752	0.49820983460527	0.245	0.2	1	chr14-104815083-104817072	3
0.264923111019226	0.264764986363258	0.459	0.443	1	chr5-154753351-154758751	3
0.264953010035108	0.528043893965696	0.214	0.165	1	chr7-127587820-127589540	3
0.265245107003869	0.417964698532702	0.306	0.27	1	chr4-70992324-70994561	3
0.266397781025101	0.508434929350716	0.235	0.183	1	chr8-33565935-33567901	3
0.266437788094435	0.577674159198034	0.204	0.157	1	chr6-32893832-32895648	3
0.267260349197321	0.524989824612437	0.224	0.174	1	chr6-159691247-159694685	3
0.267764517018704	0.335273881892808	0.357	0.296	1	chr1-108746093-108747824	3
0.268264250950951	0.424881346324479	0.316	0.287	1	chr1-170531002-170532976	3
0.269324783471455	0.551175720075257	0.204	0.157	1	chr22-50267498-50272104	3
0.270039408192025	0.478378206554157	0.224	0.174	1	chr19-43462803-43464463	3
0.270679595301416	0.467395914028779	0.316	0.261	1	chr2-26344599-26347774	3
0.27162661158468	0.343293157353866	0.418	0.391	1	chr3-27482540-27485413	3
0.271781611839724	0.581027647922901	0.214	0.174	1	chr7-50669260-50682556	3
0.27261973803025	0.50831180607966	0.235	0.191	1	chr17-28811444-28813194	3
0.273049577414792	0.3750991537525	0.327	0.278	1	chr3-141486301-141488395	3
0.273086571846726	0.571456771010599	0.224	0.183	1	chr21-39312031-39314994	3
0.27418886542013	0.371584739450086	0.347	0.304	1	chr4-76896728-76899625	3
0.274385539881125	0.547260337390159	0.204	0.148	1	chr1-93877982-93880353	3
0.275547610845138	0.432931991012525	0.286	0.243	1	chr16-29789739-29791742	3
0.275688418109715	0.344706487296836	0.388	0.357	1	chr1-201395879-201401412	3
0.276010119517967	0.483686800352144	0.235	0.183	1	chr1-71079513-71082206	3
0.276807838768491	0.337953689203376	0.418	0.409	1	chr3-155853193-155855474	3
0.278114254403086	0.545986482856337	0.204	0.157	1	chr6-156932671-156934849	3
0.278196972461833	0.402571953309883	0.276	0.226	1	chr3-142595557-142597120	3
0.278399687008108	0.419437834933976	0.316	0.278	1	chr20-34675808-34677940	3
0.278746571205123	0.463797725857322	0.245	0.191	1	chr2-201450817-201452735	3
0.278746571205123	0.452496190745271	0.245	0.191	1	chr21-45554463-45556546	3
0.278926748933694	0.314841631608148	0.347	0.304	1	chr2-207528314-207531734	3
0.279370956140149	0.421864028784725	0.286	0.243	1	chr14-49618888-49622107	3
0.27959793791059	0.528112443194303	0.204	0.157	1	chr4-10018543-10020167	3
0.279846563010164	0.448687455431186	0.286	0.252	1	chr3-111673947-111677225	3
0.280093978535707	0.508307863255785	0.255	0.209	1	chr2-63840234-63843112	3
0.280336966912073	0.396065554850305	0.327	0.304	1	chr16-645032-650890	3
0.281334412535287	0.493131284926059	0.245	0.2	1	chr2-119759162-119761348	3
0.282014502043137	0.383930122976663	0.388	0.365	1	chr1-222617377-222624018	3
0.283439937887216	0.461347552653125	0.276	0.226	1	chr19-4342272-4344157	3
0.284435390778568	0.586615723696115	0.224	0.191	1	chr8-129938807-129940759	3
0.285681216841123	0.380559707325769	0.245	0.191	1	chr16-85026849-85030003	3
0.285958546951185	0.410893119993545	0.306	0.261	1	chr19-55639003-55644767	3
0.286861542290777	0.529107450665964	0.245	0.2	1	chr7-134986024-134987506	3
0.287252384818444	0.517413837257933	0.224	0.183	1	chr17-74986906-74989156	3
0.287379717819077	0.455569215506257	0.276	0.235	1	chr12-53005567-53008104	3
0.287724283197312	0.34931339477096	0.327	0.296	1	chr4-25159436-25162071	3
0.288224724598595	0.421573213728755	0.306	0.278	1	chr6-162725604-162728532	3
0.288960526608871	0.362930277200126	0.337	0.287	1	chr14-81533043-81534687	3
0.28900482644587	0.385808013644471	0.327	0.287	1	chr5-180291146-180294113	3
0.28934316461318	0.295427812635456	0.316	0.261	1	chr7-158855779-158857333	3
0.289784532007375	0.372866771937905	0.306	0.261	1	chr4-15681000-15683282	3
0.290591191688643	0.520196141956916	0.214	0.174	1	chr1-55214454-55216106	3
0.29101201090531	0.424852003361634	0.255	0.209	1	chr11-27505924-27507899	3
0.291597156164558	0.48734309525916	0.224	0.183	1	chr17-16652634-16654266	3
0.292117632846783	0.51897190052045	0.245	0.209	1	chr17-66661079-66663767	3
0.292567836072704	0.451287814427011	0.276	0.243	1	chr7-107890434-107892481	3
0.292765836454212	0.390966982829303	0.296	0.261	1	chr17-82266807-82271336	3
0.293819848801102	0.405781214260774	0.306	0.27	1	chr1-147171094-147173273	3
0.294036136229532	0.380780153811623	0.316	0.287	1	chr9-124867743-124873283	3
0.294047993707789	0.432935456671246	0.214	0.165	1	chrX-132488253-132490512	3
0.294155504329665	0.45676270466171	0.235	0.2	1	chr7-157022484-157024441	3
0.295053365171157	0.475788387035051	0.214	0.174	1	chr21-44938046-44940618	3
0.296231465233404	0.315819200625404	0.459	0.4	1	chr3-123584023-123586748	3
0.29742875089907	0.465885103208145	0.224	0.174	1	chr22-40176634-40179338	3
0.298141147009397	0.469407793043761	0.255	0.217	1	chr20-63519938-63521931	3
0.298682056261286	0.611916751486091	0.245	0.217	1	chr4-68347897-68350784	3
0.298860682759154	0.560655951763093	0.224	0.191	1	chr12-12356564-12358592	3
0.299568362255359	0.361174253989891	0.276	0.226	1	chr1-111738116-111740204	3
0.299676449436202	0.482045891999819	0.224	0.183	1	chr21-34072833-34075443	3
0.300369652722915	0.421160940126091	0.286	0.243	1	chr8-30726004-30728601	3
0.300418597462691	0.509709738337214	0.224	0.183	1	chr22-20981200-20983253	3
0.301491142476987	0.405432952323257	0.276	0.235	1	chr5-179677523-179680364	3
0.302174700674933	0.464737563478812	0.276	0.235	1	chr3-69084107-69088609	3
0.302985729249987	0.355769375455814	0.316	0.27	1	chr1-100132174-100134011	3
0.303066600675339	0.445978655351497	0.286	0.243	1	chr1-45749821-45751355	3
0.303179307551615	0.503167669470085	0.214	0.165	1	chr1-36463325-36465084	3
0.303308060155703	0.348161603865439	0.378	0.313	1	chr1-2048258-2051214	3
0.303838833206179	0.287316783769466	0.418	0.417	1	chr6-138226674-138233227	3
0.304277013552492	0.439978585312026	0.316	0.287	1	chr11-75426981-75433182	3
0.304884303254836	0.461197888321053	0.296	0.278	1	chr1-205210401-205212180	3
0.304918203153619	0.527223317280982	0.276	0.235	1	chr10-63627851-63631321	3
0.305779599077944	0.376794498548551	0.286	0.243	1	chr1-42333679-42336702	3
0.306643654531457	0.316885984457751	0.337	0.287	1	chr9-89309162-89312800	3
0.307142118778546	0.454532576453332	0.276	0.252	1	chr14-75175042-75177421	3
0.307426287483827	0.377320040490193	0.306	0.261	1	chr1-197200162-197202446	3
0.307904309578741	0.460257486376611	0.224	0.183	1	chr3-5121905-5124370	3
0.308718857507774	0.352128399645057	0.347	0.33	1	chr2-9554721-9556848	3
0.309498291091826	0.405481965389332	0.224	0.174	1	chr5-32442821-32445687	3
0.310257322107853	0.466533650259892	0.214	0.174	1	chr21-36059436-36061226	3
0.310454652448581	0.380828799808303	0.276	0.235	1	chr7-35694085-35696345	3
0.311336113916738	0.416472778296476	0.316	0.296	1	chr6-145734438-145737304	3
0.311499463908579	0.464139092348638	0.224	0.191	1	chr7-103148212-103150127	3
0.311616233510069	0.320908072538599	0.337	0.296	1	chr12-106357222-106359372	3
0.313304282511663	0.27318689697585	0.357	0.304	1	chr6-156776300-156781006	3
0.31518789242829	0.479613588073135	0.255	0.217	1	chr8-94718636-94720814	3
0.31572355506077	0.390673075439463	0.235	0.191	1	chr1-228173529-228175353	3
0.315935200028126	0.404740587012524	0.316	0.296	1	chr11-95066438-95069069	3
0.316476491719984	0.344434540104716	0.265	0.226	1	chr4-83454541-83456593	3
0.31706366023713	0.387784794442267	0.316	0.304	1	chr8-37762021-37763754	3
0.318049924788376	0.409160570665224	0.214	0.174	1	chr2-9206040-9208511	3
0.318090084406257	0.434908450533722	0.255	0.217	1	chr3-12483364-12485828	3
0.319585483783568	0.370112890792258	0.286	0.243	1	chr12-122265526-122267580	3
0.319920713747137	0.320617313719109	0.367	0.357	1	chr11-28107151-28108914	3
0.320320990973243	0.512131054872793	0.214	0.183	1	chr12-123601247-123603472	3
0.32123590829552	0.337749414692272	0.296	0.243	1	chr18-74495352-74497660	3
0.321694465078273	0.467814180054666	0.204	0.157	1	chr6-108294282-108295829	3
0.323085562430653	0.262480414882642	0.378	0.348	1	chr3-48086620-48090235	3
0.323522581961543	0.503353265717529	0.204	0.165	1	chr2-161307661-161309173	3
0.324371685319885	0.302726809899521	0.378	0.339	1	chr6-118891924-118896973	3
0.325034131674669	0.54307972941117	0.214	0.183	1	chr6-138403462-138405400	3
0.325220282594418	0.344083725758756	0.286	0.243	1	chr12-50166250-50168089	3
0.325386115329046	0.376908977981924	0.337	0.313	1	chr1-225777016-225779487	3
0.326079007729805	0.403921113926005	0.245	0.2	1	chr11-72433703-72435125	3
0.327568871248475	0.476434892387299	0.214	0.174	1	chr19-45994671-45996366	3
0.327595485311451	0.530006076642204	0.245	0.2	1	chr7-118182425-118185125	3
0.327642462939305	0.547237063016864	0.245	0.226	1	chr7-35035564-35038521	3
0.32948854103559	0.314725911633305	0.296	0.235	1	chr6-44245370-44249623	3
0.32972712393119	0.392189008105841	0.265	0.217	1	chr7-76045445-76049614	3
0.330782527666543	0.44796965504373	0.214	0.174	1	chr1-33376471-33379296	3
0.332593015012266	0.482264531582416	0.235	0.191	1	chr6-53064380-53069206	3
0.332693954972043	0.502910243432741	0.255	0.226	1	chr10-133257212-133259872	3
0.332989123450607	0.564278449446505	0.214	0.183	1	chr1-184050586-184052749	3
0.334999073928882	0.497466415578261	0.204	0.165	1	chr6-122398970-122400887	3
0.33554874050844	0.432065245614157	0.296	0.27	1	chr12-122525775-122528061	3
0.33709630583611	0.345102150490576	0.327	0.278	1	chr2-26032585-26035064	3
0.337821938821135	0.459974055287672	0.214	0.183	1	chr10-125822586-125824586	3
0.338338746598802	0.446679282001752	0.245	0.2	1	chr1-70220673-70222430	3
0.338705334678619	0.401716622900559	0.316	0.278	1	chr8-144290107-144293365	3
0.338742162042315	0.324877022180492	0.408	0.391	1	chrX-154377892-154380653	3
0.340681023593791	0.425400607245138	0.224	0.183	1	chr2-210001683-210003430	3
0.341068722235057	0.508900829240674	0.214	0.183	1	chr18-36065872-36068111	3
0.341223334940167	0.37413669127999	0.296	0.27	1	chr1-205811527-205814214	3
0.342519611743252	0.335291052717244	0.276	0.226	1	chr16-31141412-31143263	3
0.344422592735616	0.569615862566911	0.224	0.2	1	chr7-129610759-129613400	3
0.344731933196293	0.437744691095258	0.255	0.226	1	chr5-134647617-134649958	3
0.345042249439743	0.451433811628176	0.204	0.165	1	chr7-32489533-32491320	3
0.345495403532211	0.433821467097607	0.214	0.174	1	chr3-128152892-128154579	3
0.345539547855652	0.46504123238602	0.224	0.183	1	chr20-63214713-63217947	3
0.346282610554691	0.384665828507979	0.286	0.252	1	chr3-197002395-197004636	3
0.346920009741589	0.448472312560882	0.235	0.2	1	chr6-41545299-41547764	3
0.348550086714924	0.306710436365737	0.265	0.217	1	chr5-74765914-74768344	3
0.349848283915207	0.396574949656239	0.255	0.209	1	chr3-15097920-15099978	3
0.350041217325106	0.33036585320854	0.398	0.391	1	chr7-26863720-26865492	3
0.350478867893063	0.299823499457237	0.276	0.217	1	chr6-113856622-113859520	3
0.352480000265509	0.449409605217134	0.245	0.2	1	chr3-69012517-69015265	3
0.353133594179269	0.475902030410265	0.224	0.191	1	chr5-38555742-38557780	3
0.353162996547182	0.445448075923909	0.245	0.209	1	chr17-2510835-2512678	3
0.353330429494316	0.500647701348867	0.204	0.174	1	chr3-127671705-127673992	3
0.355672586970554	0.450741138948579	0.245	0.2	1	chr19-1097650-1099960	3
0.357119226454796	0.40986214600524	0.265	0.243	1	chr10-122018378-122022333	3
0.357129159905502	0.41290928277867	0.245	0.209	1	chr2-112763794-112765433	3
0.357601021456863	0.440243547839454	0.214	0.183	1	chr12-53046413-53050340	3
0.358070023981333	0.281603111341	0.347	0.304	1	chr2-191677214-191679221	3
0.358154959536499	0.433186688276549	0.235	0.2	1	chr3-45841120-45844050	3
0.358447673973654	0.487817655092234	0.204	0.174	1	chr1-39025643-39027729	3
0.358918221392431	0.444710252053661	0.214	0.174	1	chr7-6576472-6578156	3
0.35978717634842	0.38332822075555	0.235	0.191	1	chr19-35701987-35703289	3
0.360463024220166	0.396143687734982	0.204	0.165	1	chr6-109482328-109484204	3
0.361406528655105	0.410279167827751	0.235	0.2	1	chr19-40609386-40611587	3
0.361667516882015	0.421359467780307	0.245	0.217	1	chr2-158455978-158459878	3
0.361884932665708	0.45434438801171	0.204	0.174	1	chr9-137268345-137270549	3
0.362251932661978	0.489200955114321	0.224	0.2	1	chr5-7868116-7870074	3
0.362556481480553	0.283155902085378	0.316	0.27	1	chr3-195269703-195272310	3
0.36326211344668	0.47364286835346	0.245	0.217	1	chr3-196711447-196713585	3
0.363302908194098	0.473858336229332	0.255	0.226	1	chr2-219277430-219280323	3
0.364182009380768	0.401541279079357	0.204	0.157	1	chr7-150404188-150407419	3
0.364339420284117	0.389637938686698	0.245	0.209	1	chr3-180988715-180990468	3
0.364676544113157	0.410962564091691	0.235	0.2	1	chr1-204072617-204075298	3
0.366383300534552	0.397490723560268	0.235	0.191	1	chr6-108847696-108849234	3
0.366457851974665	0.423318183547921	0.255	0.226	1	chr3-184298458-184300108	3
0.366961534756431	0.260581717628711	0.276	0.226	1	chr3-156553741-156555781	3
0.367079404324614	0.507705979633049	0.204	0.174	1	chr17-66507641-66509838	3
0.367253022268031	0.253431788495552	0.398	0.391	1	chr11-76443529-76446369	3
0.36871471401859	0.373575247577366	0.276	0.261	1	chr3-179603850-179605598	3
0.369307416686756	0.432379802226265	0.265	0.235	1	chr4-112636487-112638138	3
0.370092902851045	0.316866392466476	0.255	0.217	1	chr16-81444237-81449196	3
0.370244103557489	0.263034038096603	0.306	0.27	1	chr3-141737679-141739492	3
0.370824109135396	0.403312371874829	0.245	0.209	1	chr22-41020811-41023160	3
0.370893864409561	0.370398994314917	0.286	0.261	1	chr4-48267758-48270831	3
0.371271825745617	0.429693535847734	0.235	0.2	1	chr12-64450107-64453461	3
0.372751255449028	0.456625589911378	0.204	0.165	1	chr4-970859-974016	3
0.373054333667212	0.441740415164392	0.235	0.191	1	chr10-70381402-70383309	3
0.373943981687486	0.358445412845243	0.286	0.261	1	chr10-70403392-70406643	3
0.374787899188418	0.403591175934848	0.224	0.191	1	chr17-30378381-30380089	3
0.374817299948651	0.490575641170742	0.255	0.243	1	chr4-151760333-151761686	3
0.375231482305344	0.273016205938945	0.378	0.365	1	chr12-79933261-79936124	3
0.37682892829224	0.322755234950524	0.265	0.217	1	chr10-104336794-104340893	3
0.3779882404693	0.347466975155394	0.265	0.235	1	chr16-73052207-73059556	3
0.378093700498219	0.381453422325806	0.214	0.183	1	chr10-13298994-13300595	3
0.3790494964624	0.443846288454097	0.224	0.183	1	chr5-73495665-73499574	3
0.379790002364248	0.401471117323903	0.255	0.217	1	chr3-49015760-49019173	3
0.379833471084074	0.472550299959585	0.214	0.183	1	chr2-38375678-38378339	3
0.379888220243158	0.407296812575273	0.204	0.165	1	chr2-151409464-151411002	3
0.379986611101156	0.354572698116598	0.306	0.287	1	chr22-40855850-40857787	3
0.381091955755329	0.469481967848293	0.245	0.217	1	chr4-4247425-4249301	3
0.381226905689031	0.34093018510457	0.276	0.243	1	chr4-6746511-6748271	3
0.381403173146564	0.370430875552807	0.286	0.27	1	chr7-6482236-6484846	3
0.38141885347615	0.377990876314056	0.214	0.174	1	chr5-50440211-50442149	3
0.38294348141618	0.38464855803266	0.286	0.27	1	chr12-132686430-132688181	3
0.383564261004395	0.348314654047473	0.255	0.209	1	chr11-117143368-117146059	3
0.383833290489525	0.343016923098602	0.306	0.27	1	chr1-201113506-201115342	3
0.38518127316128	0.394572571872604	0.286	0.235	1	chr12-46267380-46269655	3
0.385716393460424	0.315914290767418	0.378	0.365	1	chr10-79443493-79447116	3
0.385975144674533	0.40677461614715	0.276	0.243	1	chr16-57618278-57622987	3
0.386520460588954	0.435733652060713	0.204	0.174	1	chr17-78127089-78129457	3
0.387834416046614	0.285496671603374	0.378	0.365	1	chr3-23915644-23922257	3
0.38833679610061	0.373361473501561	0.255	0.235	1	chr8-116765707-116767717	3
0.388926659566377	0.380802042368698	0.204	0.165	1	chr3-11271829-11273547	3
0.389018042150486	0.380820496404093	0.255	0.226	1	chr1-234477738-234479631	3
0.389966448418086	0.311967909115856	0.265	0.226	1	chr2-44360792-44363093	3
0.392578385989001	0.387083994183839	0.204	0.165	1	chr16-85514173-85516506	3
0.392648866681896	0.452220823242501	0.224	0.2	1	chr17-44898336-44900351	3
0.392713092632975	0.463501349659165	0.245	0.217	1	chr11-44584066-44585837	3
0.392995283087939	0.315144223307356	0.224	0.183	1	chr17-17041114-17044030	3
0.393494232317141	0.393869802447569	0.204	0.165	1	chr5-142981397-142983259	3
0.393742948114625	0.457119043711184	0.204	0.174	1	chr19-6198972-6200134	3
0.39462539071091	0.321195511813913	0.255	0.217	1	chr1-1908308-1909756	3
0.395644313749449	0.465435234434916	0.214	0.191	1	chr8-30721959-30724297	3
0.395711962584581	0.458903964485947	0.214	0.183	1	chr3-179652092-179654673	3
0.396041154078634	0.269934842487794	0.378	0.357	1	chr1-32815616-32819298	3
0.397275875237434	0.395984583655602	0.255	0.226	1	chr16-2046815-2049061	3
0.397416312812788	0.427660842214661	0.214	0.191	1	chr14-91163028-91165623	3
0.397595249130244	0.332619149101563	0.286	0.252	1	chr10-118753105-118755941	3
0.398603351669078	0.339569853132997	0.255	0.209	1	chrX-135520120-135522622	3
0.399175373730595	0.387229669920334	0.245	0.209	1	chr1-1470307-1473446	3
0.399608013823944	0.42574636443588	0.224	0.2	1	chr2-189762097-189763923	3
0.399645741835302	0.275137301580986	0.367	0.365	1	chr5-179857563-179859806	3
0.399802174147993	0.326588081994671	0.306	0.287	1	chr14-55270788-55272417	3
0.399831402533165	0.378343968868466	0.255	0.235	1	chr3-47824145-47826367	3
0.400119020773623	0.354446514761262	0.235	0.2	1	chr19-1478376-1479923	3
0.400492269218524	0.269170225555663	0.296	0.252	1	chr17-79991285-79994381	3
0.400797134656368	0.363104371199572	0.286	0.252	1	chr16-1308316-1312609	3
0.401404241434587	0.412544910239963	0.235	0.209	1	chr3-67653492-67655582	3
0.401470697258805	0.438760135249046	0.265	0.235	1	chr12-63843331-63845414	3
0.402539578095913	0.394175870559731	0.224	0.191	1	chr1-93344804-93347315	3
0.402895931526524	0.48892720179777	0.214	0.183	1	chr16-8796685-8798970	3
0.403957647818559	0.396522129679243	0.255	0.226	1	chr7-112788828-112790991	3
0.404508850153962	0.401737833018488	0.265	0.252	1	chr3-53253712-53256513	3
0.405112551969529	0.262265514470095	0.367	0.357	1	chr1-214602435-214604734	3
0.40532655827914	0.263344633862072	0.276	0.243	1	chr1-229341243-229343496	3
0.406365352716679	0.252340776259123	0.429	0.409	1	chr4-673136-685350	3
0.407323608390705	0.368008041921368	0.255	0.226	1	chr22-24894070-24895972	3
0.409350495315253	0.442446635123119	0.204	0.183	1	chr5-169141931-169143479	3
0.409844932027177	0.335150625483115	0.265	0.226	1	chr9-72575918-72579740	3
0.411287253242065	0.433674602634568	0.265	0.243	1	chr7-44884138-44886610	3
0.413758751452158	0.309857210463582	0.286	0.252	1	chr6-107458177-107460435	3
0.41382329386654	0.347477450846912	0.204	0.157	1	chr22-38397733-38399452	3
0.414668253170877	0.382008857025353	0.296	0.296	1	chr6-147202081-147205253	3
0.414698979393653	0.387718891790281	0.245	0.209	1	chr2-190318250-190320331	3
0.414776067291127	0.302982815252015	0.316	0.287	1	chr11-32583044-32585522	3
0.414853805567242	0.341827278294637	0.327	0.296	1	chr5-10248424-10252139	3
0.41825881526863	0.425821515154154	0.286	0.261	1	chr3-196286682-196288644	3
0.420901498408184	0.262277326549686	0.316	0.27	1	chr8-98943333-98946437	3
0.42141691046701	0.286351639455207	0.214	0.174	1	chr9-137044394-137047055	3
0.42182835320005	0.43416176865798	0.224	0.2	1	chr4-37825331-37829119	3
0.423016367411914	0.364970555346773	0.265	0.243	1	chr11-57740715-57742813	3
0.423501680340042	0.37881022731897	0.306	0.304	1	chr4-25913183-25915700	3
0.423640794636099	0.349268429236669	0.286	0.252	1	chr22-19853157-19856286	3
0.424449426081899	0.378672186404463	0.204	0.165	1	chr3-23202367-23204311	3
0.425243505561028	0.386088816319616	0.245	0.209	1	chr3-10010439-10011784	3
0.425761627201161	0.321100909729706	0.316	0.313	1	chr16-24538725-24541271	3
0.42720669092641	0.314674422116775	0.337	0.304	1	chr4-41212551-41217435	3
0.427210680629646	0.329864388094203	0.296	0.278	1	chr12-120228037-120232589	3
0.4273961009849	0.377172938991974	0.276	0.252	1	chr5-132865657-132869155	3
0.427427182797424	0.306511151478086	0.327	0.296	1	chr3-189303264-189305832	3
0.429151058447288	0.43103793128782	0.204	0.174	1	chr7-5512833-5514987	3
0.429644104041081	0.410496116570266	0.224	0.191	1	chr6-291044-293860	3
0.42970728368072	0.30449235168552	0.327	0.304	1	chr3-134484160-134487740	3
0.432162590485873	0.338097161094662	0.204	0.165	1	chr22-21102503-21103988	3
0.43240388813195	0.394460356125146	0.214	0.183	1	chr7-55254482-55256231	3
0.433134381834068	0.342058551488483	0.286	0.261	1	chr1-62783327-62785137	3
0.433796214378144	0.299045890383267	0.316	0.304	1	chr1-201695014-201697615	3
0.43385195248796	0.458544068608443	0.214	0.191	1	chr17-47955248-47958888	3
0.435501797850279	0.379538748966689	0.224	0.2	1	chr16-75263261-75267032	3
0.43588725943422	0.267341895532133	0.296	0.261	1	chr5-181259880-181262522	3
0.435938671839453	0.403155106713541	0.245	0.217	1	chr3-47474843-47476547	3
0.436841283480134	0.369069756222344	0.245	0.209	1	chr16-74295731-74298958	3
0.438566855828691	0.30064136454306	0.296	0.27	1	chr4-48830427-48832121	3
0.439014558562982	0.280276963868547	0.265	0.226	1	chr7-10939198-10941506	3
0.439243571249934	0.458625072315102	0.245	0.235	1	chr12-118135275-118137442	3
0.439612958089647	0.274376297365031	0.306	0.287	1	chr1-247077561-247079316	3
0.440759010492789	0.278189556605237	0.469	0.478	1	chr1-179880899-179883782	3
0.441956359307361	0.308180988232131	0.316	0.296	1	chr1-154404465-154409423	3
0.442534474598201	0.2777488884356	0.337	0.322	1	chr17-75514700-75517891	3
0.444064632545432	0.346300837338815	0.235	0.209	1	chr15-70891770-70893382	3
0.444086339288629	0.258512247025345	0.327	0.304	1	chr1-154417264-154421162	3
0.444666292992302	0.360612242004983	0.276	0.261	1	chr1-2390184-2393952	3
0.444908417996645	0.343300259112323	0.235	0.2	1	chr10-69360422-69363108	3
0.445073025049456	0.31248519622937	0.327	0.296	1	chr4-73067017-73070780	3
0.445707086631236	0.29944693789991	0.265	0.235	1	chr4-120065758-120068237	3
0.44628187566267	0.299423103318771	0.327	0.313	1	chr11-74492587-74494471	3
0.446591895777315	0.364704964296942	0.265	0.252	1	chr7-155001803-155004989	3
0.448345523685673	0.279422070054877	0.255	0.217	1	chr6-43170286-43172982	3
0.448516188931617	0.31854318813859	0.245	0.217	1	chr6-96896648-96899525	3
0.450121541242627	0.282935572680235	0.316	0.296	1	chr5-142769565-142771732	3
0.450177619138049	0.376088856802436	0.224	0.191	1	chr15-90046528-90048861	3
0.450288665116959	0.274970930251151	0.296	0.27	1	chr1-228099259-228105593	3
0.450469588375324	0.388176185189397	0.204	0.174	1	chr8-53842294-53844116	3
0.451343623062242	0.321111742180321	0.337	0.339	1	chr14-64336973-64339646	3
0.451992883630394	0.290062658499668	0.214	0.174	1	chr14-103527846-103530752	3
0.453969834970089	0.363720364236154	0.224	0.191	1	chr8-17576193-17578378	3
0.454688131577803	0.40271730003884	0.214	0.191	1	chr3-3179025-3180254	3
0.455297923568155	0.404824747963265	0.265	0.252	1	chr8-1744615-1746762	3
0.45533344576957	0.380629578461521	0.214	0.183	1	chr14-96796798-96798282	3
0.455822837994934	0.277558198638017	0.265	0.243	1	chr1-231601555-231604417	3
0.4560111515171	0.470121735716163	0.224	0.2	1	chr2-219159815-219161342	3
0.456068478235426	0.353020538354374	0.235	0.2	1	chr10-132444722-132449682	3
0.456177847074751	0.392072679808141	0.255	0.226	1	chr8-17245895-17248216	3
0.456494933155873	0.286406271213503	0.327	0.322	1	chr11-62786082-62789300	3
0.457198224158095	0.280224748995672	0.418	0.426	1	chr1-185155814-185159134	3
0.457274655652929	0.350861403743448	0.214	0.183	1	chr2-189660915-189662396	3
0.457572474315316	0.330186262010364	0.224	0.183	1	chr6-89078982-89084044	3
0.457783972716078	0.320954203741809	0.204	0.165	1	chr10-116741821-116743622	3
0.458844761360659	0.459711345405535	0.204	0.183	1	chr6-116252626-116256214	3
0.45956555819379	0.280893641349792	0.286	0.27	1	chr11-31508978-31510584	3
0.459772423912082	0.317938711726045	0.235	0.209	1	chr1-41498356-41501333	3
0.461026619731831	0.34710234672387	0.245	0.226	1	chr5-60698343-60701100	3
0.46214452271902	0.278054037494227	0.296	0.261	1	chr1-28087566-28089280	3
0.463651324810064	0.341360825262804	0.276	0.261	1	chr5-68286073-68292841	3
0.464169831835962	0.318560277559873	0.347	0.33	1	chr21-42056161-42059470	3
0.464342389303412	0.410795982545152	0.214	0.191	1	chr5-69233957-69235935	3
0.464342459851053	0.324820561281816	0.204	0.174	1	chr1-228734829-228736827	3
0.465487572975011	0.315008086816547	0.235	0.2	1	chr11-96389221-96390772	3
0.466286840223821	0.502432614562819	0.214	0.191	1	chr3-111978391-111980044	3
0.467933113329986	0.256426401340565	0.378	0.365	1	chr5-133048471-133053373	3
0.468235803091586	0.320004600605752	0.214	0.191	1	chr21-43718615-43720598	3
0.470718607711329	0.332733519339482	0.255	0.226	1	chr16-67480177-67481946	3
0.470725156128498	0.361734702599597	0.204	0.183	1	chr4-77861970-77864106	3
0.471190518803111	0.521374098828041	0.224	0.209	1	chr3-54353376-54357742	3
0.472721599440651	0.45335944026307	0.204	0.183	1	chr1-45566439-45570532	3
0.472721599440651	0.340026868931792	0.204	0.183	1	chr19-4006668-4008435	3
0.474256618939771	0.256000184343077	0.296	0.27	1	chr19-6515793-6517483	3
0.475452046371879	0.476337799301294	0.255	0.252	1	chr18-3260625-3263459	3
0.475849802668254	0.255061056196922	0.276	0.252	1	chr7-130069099-130071455	3
0.475964020402927	0.30715172035354	0.276	0.261	1	chr17-63826167-63828462	3
0.476150021998727	0.372218219733636	0.245	0.217	1	chr10-32956390-32959426	3
0.477497933248464	0.31276208225884	0.296	0.287	1	chr7-44580732-44583208	3
0.478366978897978	0.261069258134571	0.245	0.209	1	chr8-23528283-23530756	3
0.478477372983079	0.285778492427456	0.255	0.235	1	chr4-56906984-56910905	3
0.478810885082535	0.3149879880524	0.357	0.357	1	chr4-83034182-83036323	3
0.478854033740258	0.387835854395127	0.224	0.209	1	chr1-118100555-118102451	3
0.478991753972732	0.362074909688713	0.224	0.2	1	chr1-155206585-155209864	3
0.478991753972732	0.41783040247541	0.224	0.2	1	chr12-6228323-6233783	3
0.479422378302041	0.299035104983998	0.276	0.252	1	chr3-119497230-119499561	3
0.481209749701119	0.301918878364418	0.245	0.209	1	chr21-46634831-46636466	3
0.481353083039789	0.384965449207577	0.245	0.226	1	chr11-20386684-20389326	3
0.481511352588319	0.352745264840431	0.235	0.209	1	chr7-1026309-1030056	3
0.481547527663925	0.280342874641349	0.327	0.33	1	chr1-227945111-227948967	3
0.48178666766128	0.253068600382174	0.245	0.217	1	chr10-44958254-44960447	3
0.482209770186913	0.3527240984629	0.276	0.27	1	chr20-406862-410325	3
0.482856114289645	0.292183774083574	0.296	0.278	1	chr4-186189766-186192948	3
0.484004920707884	0.303404624004034	0.265	0.226	1	chr17-81682645-81684597	3
0.484646044926965	0.278636312997573	0.235	0.2	1	chr4-7101771-7104400	3
0.484881006630544	0.259759858022039	0.337	0.322	1	chr1-182838589-182841799	3
0.484934414636571	0.306243128708901	0.214	0.183	1	chr1-212413657-212415359	3
0.484934414636571	0.420890648970995	0.204	0.191	1	chr6-135180346-135182950	3
0.485564503445504	0.262760489682375	0.245	0.217	1	chr19-18500232-18505695	3
0.485968750561836	0.268052168173361	0.245	0.209	1	chr4-177440809-177443408	3
0.486585118154044	0.259661342012382	0.235	0.2	1	chr21-45072970-45075574	3
0.488859768932523	0.38219271069163	0.204	0.183	1	chr1-8004260-8007124	3
0.489566920202374	0.432506190598227	0.255	0.235	1	chr18-50280761-50283101	3
0.489794000529823	0.306401160279091	0.235	0.217	1	chr2-84969205-84973559	3
0.492498709864368	0.352744302052535	0.286	0.287	1	chr4-174282688-174285074	3
0.492683693021514	0.377011401762511	0.224	0.2	1	chr3-80769198-80771951	3
0.492683693021514	0.304450351855085	0.224	0.2	1	chr11-7596775-7598187	3
0.495562123610965	0.342726746315036	0.235	0.217	1	chr12-120316713-120318264	3
0.495660845630173	0.284191563278116	0.316	0.296	1	chr5-90472889-90475549	3
0.496915598788225	0.277526437350232	0.296	0.278	1	chr4-2008553-2010345	3
0.496926993885277	0.413844446656796	0.204	0.174	1	chr10-102398983-102400292	3
0.497240114398879	0.321763551223784	0.255	0.243	1	chr5-178152722-178154566	3
0.49763886462343	0.338180870723671	0.347	0.374	1	chr1-225921467-225925105	3
0.498852411462798	0.293085266705268	0.224	0.191	1	chr12-75390492-75391765	3
0.498852411462798	0.475473461555568	0.214	0.2	1	chr12-50400114-50402950	3
0.499984044821567	0.298087100631139	0.286	0.27	1	chr8-52712266-52715610	3
0.500466593062581	0.342080557069635	0.337	0.339	1	chr11-67238757-67241765	3
0.501084048783135	0.290520780126503	0.204	0.174	1	chr12-132776448-132778205	3
0.501137901257503	0.368709680157504	0.204	0.191	1	chr11-76860373-76862138	3
0.501155519064408	0.3835470700086	0.204	0.183	1	chr1-42657304-42659581	3
0.502187229331222	0.401617228104698	0.204	0.183	1	chr14-51650757-51653552	3
0.502590623107197	0.273871914851897	0.224	0.2	1	chr11-71447263-71449500	3
0.503169464811277	0.350437906818509	0.204	0.174	1	chr7-5189660-5191043	3
0.506295932043894	0.27336987165972	0.296	0.261	1	chr2-219497561-219499342	3
0.507583299122283	0.429741258364576	0.214	0.209	1	chr1-226082661-226084268	3
0.508584949752542	0.288921418545594	0.224	0.2	1	chr10-122154061-122157028	3
0.509013800125627	0.311103088041984	0.286	0.27	1	chr3-32684268-32686121	3
0.509960116816036	0.317837941555196	0.306	0.278	1	chr6-165833903-165836151	3
0.510771303321126	0.289648421119449	0.367	0.374	1	chr1-52054181-52058879	3
0.511321048967332	0.299157939904901	0.337	0.33	1	chr1-43704225-43708882	3
0.511408875021439	0.36969654349342	0.204	0.191	1	chr17-81254669-81256366	3
0.511769355743126	0.32041707641542	0.245	0.226	1	chr8-144412626-144414118	3
0.512989606170074	0.362968524555106	0.296	0.278	1	chr10-15095724-15098619	3
0.513081853271225	0.329576581237708	0.235	0.217	1	chr14-104863949-104866909	3
0.513476180446625	0.395745996334782	0.204	0.191	1	chr16-30740024-30742329	3
0.51428442865753	0.349069903818767	0.214	0.191	1	chr7-122143299-122145006	3
0.515640697496022	0.384556067795119	0.245	0.226	1	chr1-206555236-206560716	3
0.516585006412749	0.535072042466822	0.204	0.191	1	chr4-169658164-169660883	3
0.517018482675	0.26164166236538	0.245	0.209	1	chr3-125373752-125376599	3
0.517803153588238	0.274973662966793	0.276	0.252	1	chr8-144826367-144828754	3
0.519527182307699	0.312325034999976	0.245	0.226	1	chr7-90766442-90768629	3
0.519912300227185	0.26041193105555	0.357	0.383	1	chr2-241148272-241151038	3
0.520442377638596	0.270779036854567	0.337	0.313	1	chr3-150602204-150604644	3
0.522142615975177	0.329146276179732	0.204	0.174	1	chr2-219386914-219389191	3
0.522952623653024	0.303755029434977	0.235	0.217	1	chr2-233853640-233856089	3
0.522992510903217	0.259155858903281	0.296	0.296	1	chr6-52503041-52505206	3
0.523944795453475	0.280541362621253	0.235	0.217	1	chr21-46285229-46287473	3
0.524116393715063	0.357904613408331	0.204	0.183	1	chr7-74083014-74086008	3
0.52429657532903	0.267077523685997	0.306	0.296	1	chr6-136549139-136551523	3
0.52623016656484	0.30318537587331	0.204	0.183	1	chr17-29928875-29931797	3
0.528833496099113	0.27827676282816	0.224	0.2	1	chr12-27709716-27711983	3
0.529006803966951	0.325430437532022	0.316	0.322	1	chr7-16644014-16647257	3
0.529187637068184	0.275473800959993	0.327	0.322	1	chr20-41027859-41031893	3
0.532096806821113	0.292290942295176	0.316	0.304	1	chr1-75723252-75726507	3
0.532597515502702	0.340371079674292	0.204	0.183	1	chr12-74536990-74540402	3
0.532597515502702	0.343346143607341	0.204	0.183	1	chr17-35241912-35244227	3
0.532706479123294	0.310045120990221	0.327	0.322	1	chr5-146446649-146449590	3
0.533328037508761	0.269754793391915	0.255	0.235	1	chr3-97763704-97765785	3
0.533483491529049	0.410064498794465	0.214	0.2	1	chr3-45144957-45147095	3
0.534675728205988	0.26437019766986	0.235	0.209	1	chr1-148521786-148523376	3
0.534987097072919	0.31860929426876	0.224	0.2	1	chr22-17637536-17640090	3
0.536349352053177	0.286772173879926	0.327	0.33	1	chr2-173963196-173966713	3
0.536500359289541	0.44288801263911	0.204	0.191	1	chr14-38866039-38870081	3
0.538728442961817	0.264953483365094	0.235	0.209	1	chr5-60944271-60946549	3
0.538951951414624	0.329709565447158	0.255	0.252	1	chr1-154982511-154985133	3
0.540741695651672	0.448333512247848	0.204	0.191	1	chrX-108090572-108092659	3
0.541698489103839	0.279157519672609	0.296	0.287	1	chr6-157379606-157383224	3
0.54324768665219	0.27571063172722	0.224	0.2	1	chr7-66204586-66206121	3
0.544522834760562	0.410512282076824	0.255	0.261	1	chr10-3851142-3854736	3
0.545007184164435	0.265130048172473	0.316	0.322	1	chr5-62402519-62405249	3
0.545537576194309	0.266304055887315	0.214	0.191	1	chr2-130180377-130183814	3
0.547604753907883	0.344932904334478	0.204	0.183	1	chr1-156193374-156194855	3
0.55019091516818	0.379979626067134	0.214	0.2	1	chr22-43088646-43090790	3
0.55109223651705	0.359018882855739	0.255	0.226	1	chr6-85592737-85595182	3
0.552005235964474	0.332611806741327	0.224	0.217	1	chr1-958361-961849	3
0.552005235964474	0.364958849825861	0.224	0.217	1	chr1-45802608-45805004	3
0.553946414850169	0.329999223419065	0.286	0.278	1	chr20-23349528-23351942	3
0.554099837477622	0.313491309098685	0.204	0.183	1	chr3-52896638-52898159	3
0.555185746639435	0.281906236836283	0.204	0.183	1	chr4-81471009-81472835	3
0.555205267036578	0.270785698437634	0.306	0.296	1	chr2-162343490-162344972	3
0.556445179154754	0.28606869970278	0.265	0.243	1	chr1-233613289-233616304	3
0.55680518565196	0.383854219375979	0.214	0.209	1	chr20-50019160-50020672	3
0.558640189769308	0.373672065064952	0.214	0.2	1	chr4-145096740-145099626	3
0.560032682019988	0.271233724505873	0.204	0.191	1	chr16-82169194-82170992	3
0.560901155677585	0.369600344079405	0.245	0.243	1	chr7-73769440-73771180	3
0.561244270708306	0.25293486872818	0.316	0.322	1	chr22-40635687-40637581	3
0.562096158451412	0.320863576873139	0.245	0.235	1	chr1-225833872-225837627	3
0.562582793457006	0.25795243957444	0.214	0.191	1	chr1-220689830-220691719	3
0.563349837439993	0.289002352508956	0.235	0.226	1	chr6-106324641-106326302	3
0.564401673683506	0.307767475291719	0.224	0.217	1	chr16-88662258-88664327	3
0.565008063535391	0.258298799843301	0.204	0.183	1	chr12-401096-402700	3
0.565394419850795	0.324600151010929	0.235	0.226	1	chr11-72102138-72103991	3
0.566130646009173	0.41998380664504	0.286	0.304	1	chr1-40039075-40041744	3
0.566536349826758	0.29690697903741	0.204	0.191	1	chr10-69374730-69376487	3
0.567433654363715	0.261562846655829	0.276	0.252	1	chr6-18154249-18156593	3
0.567512386572705	0.285059117374695	0.235	0.217	1	chr1-206634188-206636352	3
0.567512386572705	0.275276050460055	0.235	0.217	1	chr6-5456904-5458997	3
0.568370520837945	0.262822686047846	0.276	0.27	1	chr5-135031435-135035839	3
0.568904061383402	0.40612302180853	0.245	0.243	1	chr14-21510396-21511992	3
0.569580250738469	0.358606683873498	0.235	0.217	1	chr5-140260824-140263462	3
0.570165121640515	0.321406484010623	0.245	0.235	1	chr14-75399697-75401729	3
0.57167402920605	0.257292248722551	0.224	0.209	1	chr16-83898071-83900263	3
0.571814951374414	0.325084458808128	0.265	0.27	1	chr11-90221321-90223997	3
0.572182286092166	0.256656710122574	0.316	0.313	1	chr10-132516260-132520947	3
0.572925867190052	0.263899344371446	0.255	0.235	1	chr3-99816773-99818646	3
0.576018503803664	0.281055693676641	0.204	0.183	1	chr11-74948454-74950232	3
0.576201162952514	0.301092662457913	0.265	0.243	1	chr15-50353510-50356118	3
0.579881041131678	0.390319856194181	0.214	0.191	1	chr1-32715636-32717459	3
0.580035063150526	0.29881818380329	0.214	0.2	1	chr6-109439475-109442158	3
0.580132391900397	0.349050691462481	0.224	0.209	1	chr2-226835006-226838410	3
0.581135800976077	0.342969330148458	0.224	0.217	1	chr12-123583226-123585882	3
0.587470407258743	0.277363933084715	0.224	0.217	1	chr11-116771836-116773934	3
0.588240688819094	0.256346080995699	0.337	0.339	1	chr10-60724630-60736066	3
0.590454087146781	0.314708442245265	0.235	0.217	1	chr1-27601195-27604665	3
0.590688041060329	0.272314642843988	0.204	0.191	1	chr5-181052471-181054218	3
0.591601091559251	0.269698955901222	0.204	0.183	1	chr2-230737364-230740901	3
0.59469031627624	0.264298531577881	0.265	0.252	1	chr10-7787057-7789888	3
0.594697683755198	0.270894601118289	0.245	0.235	1	chr16-75646530-75649779	3
0.596282069412891	0.428047919619163	0.255	0.252	1	chr3-101683756-101688050	3
0.596483036833883	0.29398420937226	0.235	0.226	1	chr5-81970999-81972863	3
0.597031761479566	0.256388747840959	0.235	0.209	1	chr4-83484136-83485878	3
0.597354258290834	0.325963173338309	0.214	0.209	1	chr7-64665694-64667911	3
0.599612786747227	0.274312152296751	0.214	0.2	1	chr16-641377-643526	3
0.600591494791664	0.276502527912148	0.204	0.183	1	chr1-201828463-201830274	3
0.603593233569717	0.301588495013952	0.276	0.27	1	chr1-202926286-202927938	3
0.607397871329438	0.398557805318412	0.204	0.2	1	chr6-79233308-79235306	3
0.613866809729486	0.295496665884052	0.245	0.243	1	chr12-47903241-47906101	3
0.617629815995043	0.292825115018033	0.296	0.304	1	chr12-123362547-123366148	3
0.618731965487235	0.273872840667488	0.255	0.252	1	chr2-152173809-152176719	3
0.619484307755377	0.287929942604095	0.214	0.2	1	chr17-47948257-47950886	3
0.620117623960528	0.298540959050104	0.245	0.243	1	chr8-104588048-104590744	3
0.620809689525285	0.344635156733856	0.204	0.2	1	chr12-121802509-121805485	3
0.621088510939383	0.252714465466055	0.224	0.209	1	chr1-34858962-34860369	3
0.626182051000569	0.298044424507231	0.235	0.226	1	chr5-97181865-97184739	3
0.626956446121431	0.367185931615926	0.214	0.209	1	chr4-17613485-17615517	3
0.626986131634177	0.294168534570118	0.255	0.252	1	chr17-76352848-76354669	3
0.631197821927531	0.324711873493554	0.204	0.191	1	chr3-13110590-13113220	3
0.632701581008738	0.271450197760339	0.245	0.243	1	chr4-124711194-124713704	3
0.632889396073866	0.266596718025263	0.214	0.2	1	chr17-82751144-82753153	3
0.633482749014518	0.327099188329013	0.204	0.191	1	chr3-194671094-194673268	3
0.636620998028033	0.276042982388027	0.245	0.235	1	chr8-38384744-38387443	3
0.643270261922227	0.250908509774186	0.245	0.243	1	chr19-7098569-7099911	3
0.645735508618282	0.268538786635626	0.296	0.313	1	chr22-49950819-49955308	3
0.647585586453132	0.25425821118311	0.214	0.217	1	chr7-17557631-17559932	3
0.64997153959371	0.264362419619648	0.276	0.27	1	chr2-218658379-218660360	3
0.652592232205067	0.293844678056258	0.204	0.2	1	chr19-33301696-33304461	3
0.653732149289056	0.25437267046434	0.245	0.235	1	chr4-56465503-56469145	3
0.65803899338852	0.25615336865607	0.245	0.235	1	chr8-85176408-85178923	3
0.663253879116057	0.258438351388346	0.224	0.209	1	chr1-180157019-180158892	3
0.664609700498694	0.263378319171507	0.265	0.261	1	chr21-15062557-15066461	3
0.670787376606643	0.25778859993027	0.214	0.209	1	chrX-120628729-120630757	3
0.678018287736361	0.281154720081383	0.204	0.2	1	chr17-40139161-40141264	3
0.685202656099561	0.251315512053806	0.276	0.296	1	chr2-231780109-231782869	3
0.686809083838706	0.2547536743223	0.214	0.209	1	chr1-103524228-103526745	3
0.689109637501382	0.254758959230145	0.214	0.209	1	chr22-41468192-41469780	3
0.690691812907278	0.26283523080255	0.224	0.226	1	chr11-8681765-8684792	3
0.695192648893653	0.26165812357835	0.224	0.226	1	chr11-86954451-86956938	3
0.696437364181996	0.294499953057688	0.194	0.2	1	chr11-986179-987319	3
0.699099352473111	0.290800330108883	0.204	0.2	1	chr17-54899645-54903996	3
0.720382721119792	0.301844026335621	0.214	0.217	1	chr15-44710764-44712826	3
0.722703293713082	0.25864465866995	0.214	0.217	1	chr1-53196091-53198998	3
0.725182178050249	0.29179209906298	0.204	0.2	1	chr1-78003227-78006129	3
0.729958748504754	0.264976639412996	0.194	0.2	1	chr16-67841488-67843407	3
0.732010922144604	0.261045154849048	0.214	0.217	1	chrX-154478267-154479755	3
0.739017697770012	0.267540644743892	0.214	0.217	1	chr2-74843983-74846644	3
0.751482425756319	0.29884697463745	0.245	0.261	1	chr19-51107178-51109237	3
0.752314589313832	0.292043360953211	0.224	0.226	1	chr2-27355498-27357815	3
0.761079066516994	0.268300318522247	0.224	0.235	1	chr1-180113456-180115643	3
0.761110095180025	0.259961398818507	0.235	0.243	1	chr6-79076212-79080133	3
0.766223455378864	0.258448886291166	0.265	0.278	1	chr22-29766080-29768692	3
0.76645452443364	0.270251444002753	0.194	0.2	1	chr1-155172423-155174161	3
0.794608154475454	0.281897649891972	0.265	0.278	1	chr2-178477835-178481375	3
0.807576396790921	0.265234453972715	0.224	0.235	1	chr9-86281350-86283419	3
0.823167352813302	0.261646262507735	0.204	0.217	1	chr17-62063896-62066553	3
0.836174576096058	0.297544532640172	0.194	0.209	1	chr7-39622685-39625273	3
0.844045878011832	0.254462003742936	0.235	0.243	1	chr11-73306971-73308766	3
0.86528437419253	0.260645426578451	0.224	0.243	1	chr2-199457115-199460896	3
0.872603637090136	0.271358281920741	0.214	0.243	1	chr1-170073914-170075457	3
0.906278001289394	0.254318735660329	0.224	0.252	1	chr12-93440033-93443322	3
0.936695372305353	0.264109821730388	0.184	0.2	1	chr3-194332495-194334406	3
0.953651360762818	0.253531028699847	0.224	0.252	1	chr2-178449691-178451730	3
