p_val	avg_log2FC	pct.1	pct.2	p_val_adj	gene	cluster
6.40559068948842e-27	1.13693786958507	0.86	0.595	1.225351065355e-21	chr8-133447002-133520787	2
1.91948627325263e-24	1.6039915118954	0.662	0.295	3.67186207155589e-19	chr7-50701544-50726131	2
1.33154896205095e-23	1.27647615815995	0.759	0.447	2.54717327146574e-18	chr7-50745691-50794203	2
1.79793497047281e-23	4.79433266150261	0.349	0.015	3.43934172241626e-18	chr1-240595483-240598738	2
2.36336554270389e-22	1.94163294357276	0.554	0.17	4.52097648125998e-17	chr1-235072983-235075989	2
4.64105460063287e-22	3.32137497183651	0.385	0.045	8.87805898773465e-17	chr1-202106870-202109160	2
5.90934929232568e-21	12.5198797611101	0.288	0	1.13042306352615e-15	chr11-3041382-3044477	2
7.98269455576444e-20	0.798659087478228	0.881	0.678	1.5270415723504e-14	chr8-133522116-133576268	2
2.69962427834114e-19	12.8630392538793	0.266	0	5.1642192670099e-14	chr12-101737598-101748884	2
2.11582759252729e-17	2.3024955948961	0.403	0.102	4.04745123484915e-12	chr2-217896878-217900845	2
2.42766959134605e-16	12.4022469214202	0.227	0	4.64398626806951e-11	chr12-124966730-124968845	2
8.18634235238363e-16	2.29737773160578	0.371	0.08	1.56599817395687e-10	chr5-134505642-134507182	2
2.06240298232508e-15	5.97112019907896	0.223	0.004	3.94525316100894e-10	chr16-85637385-85640630	2
8.90725961187304e-15	12.2758217363798	0.205	0	1.70390532019364e-09	chr17-16285620-16287158	2
9.56968067088696e-15	2.10315201359	0.381	0.102	1.83062249425665e-09	chr1-229886826-229889976	2
1.17923329974521e-14	2.68612387932278	0.309	0.057	2.2558025484146e-09	chr11-72012075-72016172	2
1.42471932080311e-14	2.21721240352383	0.356	0.091	2.72540257753709e-09	chr5-93579929-93586241	2
2.54874358946466e-14	4.83377404709393	0.223	0.011	4.87559356203053e-09	chr2-26000516-26003432	2
1.10690044418376e-13	3.52371102485108	0.241	0.023	2.11743413569689e-08	chr6-41712232-41714063	2
2.70098636520215e-13	1.54761664972514	0.442	0.186	5.1668248574498e-08	chr8-61689509-61702623	2
8.50647155697394e-13	2.12762124336809	0.327	0.08	1.62723697001977e-07	chr8-144498322-144504619	2
8.95025616400341e-13	4.64556891185791	0.201	0.011	1.71213030263687e-07	chr10-48522833-48524692	2
9.46273770293046e-13	3.745609731358	0.223	0.023	1.81016494614438e-07	chr17-66975307-66979103	2
2.92043787933298e-12	3.57514120107038	0.212	0.019	5.58662243689122e-07	chr14-81727105-81730268	2
1.39912221140032e-11	2.57066595570116	0.259	0.053	2.67643684307612e-06	chr18-12009398-12013862	2
1.45857638636573e-11	2.54428487944895	0.255	0.049	2.79016911253445e-06	chr7-50659354-50668701	2
1.8064542386672e-11	2.28781082052826	0.284	0.068	3.45563857131604e-06	chr6-81751940-81754504	2
2.1737299298997e-11	1.70459528723379	0.371	0.133	4.15821493210232e-06	chr4-72567368-72570480	2
3.27780800674874e-11	2.74964775279936	0.237	0.042	6.27025004842993e-06	chr16-11296378-11298437	2
6.00593438694773e-11	2.02833751008915	0.299	0.087	1.14889921261678e-05	chr1-225815777-225818688	2
7.90253795519462e-11	1.38002959250415	0.432	0.197	1.511708095601e-05	chr1-206684373-206694759	2
8.78175428669764e-11	2.9679337348272	0.216	0.034	1.67989690451954e-05	chr4-8795461-8796855	2
9.09968371635842e-11	2.28364899486855	0.266	0.064	1.74071489683707e-05	chr1-93962676-93966397	2
1.30824349615311e-10	2.07104301228394	0.284	0.076	2.50259131353113e-05	chr4-183987156-183990082	2
1.43080432588364e-10	1.77589480585295	0.331	0.117	2.73704282715585e-05	chr12-101617945-101620958	2
1.88735218280602e-10	1.07954999652156	0.532	0.288	3.61039148457696e-05	chr1-207807156-207814549	2
2.14887726055355e-10	2.3793366202324	0.241	0.049	4.11067326680332e-05	chr10-44910660-44912204	2
2.56429031683473e-10	1.94798061540957	0.288	0.083	4.90533351868582e-05	chr1-205352130-205355635	2
4.14568594541278e-10	2.5980936341552	0.23	0.049	7.93044847241792e-05	chr10-133158836-133164521	2
4.47397093362396e-10	2.76212882356959	0.216	0.042	8.55843795776662e-05	chr1-207021227-207023496	2
5.0588472999123e-10	1.17958377121262	0.471	0.254	9.67727135389424e-05	chr5-179817925-179834397	2
6.01820356899974e-10	2.21175274274559	0.248	0.057	0.000115124623352824	chr6-108688884-108690232	2
6.59838175978849e-10	2.12526732184208	0.255	0.064	0.000126223084035698	chr12-6551538-6554913	2
1.3120286962632e-09	0.803867849927797	0.647	0.462	0.000250983217422973	chr19-12994906-13019374	2
1.31747499636682e-09	2.43076988782732	0.216	0.042	0.000252025061954994	chr1-232377343-232379921	2
1.54186574282501e-09	2.53107220459717	0.212	0.042	0.000294949665407968	chr17-50949496-50951339	2
1.56834618155114e-09	1.9263518053396	0.273	0.083	0.000300015214453643	chr17-46971659-46974705	2
1.87456207975819e-09	2.50347498750754	0.216	0.045	0.000358592478485263	chr1-201500245-201502953	2
1.98480743851895e-09	2.39280021820636	0.223	0.049	0.000379681754144044	chr22-50182255-50184588	2
2.17157376556603e-09	2.07887092042277	0.252	0.068	0.000415409031910189	chr17-72501227-72503382	2
2.44067676369514e-09	2.55119018527719	0.205	0.038	0.000466886820834298	chr18-49021149-49022418	2
3.71454826110333e-09	2.00313308701437	0.27	0.091	0.0007105707950595	chr1-225841774-225851818	2
8.36420263640055e-09	2.50897733828458	0.201	0.042	0.00160002177912761	chr1-201123862-201128016	2
9.771832217564e-09	1.85597709855885	0.266	0.087	0.00186929287222669	chr7-50597215-50603911	2
1.20258026693679e-08	1.86930263501867	0.259	0.08	0.00230046389583407	chr5-44538339-44540008	2
1.27268025010239e-08	2.29421908835813	0.212	0.049	0.00243456095763087	chr1-236398285-236400676	2
1.36805242420755e-08	2.33094225965527	0.205	0.045	0.00261700220436359	chr16-75243802-75246325	2
3.07011487962378e-08	2.16501635218949	0.209	0.049	0.00587294555782752	chr1-9835303-9836969	2
3.25240813484392e-08	1.76599321308341	0.259	0.083	0.00622166161746833	chr1-234973347-234976032	2
3.52439387866265e-08	1.45508903266843	0.324	0.14	0.00674195402624892	chr1-202056444-202057810	2
4.58112495127977e-08	1.83094480272622	0.234	0.064	0.00876341716430113	chr8-22103091-22105526	2
5.01234476972724e-08	2.25352857408792	0.201	0.049	0.00958831480380202	chr1-172498889-172500583	2
6.17246341446649e-08	1.97370187119021	0.237	0.076	0.0118075521640695	chr1-54272636-54275868	2
6.19542135117415e-08	1.58393476099008	0.27	0.091	0.0118514693195151	chr8-82129418-82130802	2
6.19881089451958e-08	2.21134030709748	0.201	0.049	0.0118579533125623	chr2-240593294-240597194	2
6.65267807573788e-08	1.78724440513813	0.248	0.08	0.012726173998202	chr7-151246830-151250302	2
7.31012361426443e-08	2.00382811720852	0.219	0.061	0.013983827866671	chr7-150321945-150324942	2
1.19429248180395e-07	1.34222642566432	0.317	0.148	0.0228460986014204	chr1-202085444-202088601	2
1.33400202714994e-07	1.83250045317969	0.223	0.064	0.025518658378162	chr7-69780245-69782231	2
1.50979660182637e-07	1.17006766618017	0.385	0.197	0.0288815031149773	chr11-134033351-134035782	2
1.9852898449132e-07	1.31492921941176	0.32	0.14	0.0379774035592826	chr1-45566439-45570532	2
2.24777541479984e-07	1.28372465053619	0.331	0.163	0.0429985950198722	chr1-225823415-225827067	2
2.4467495057064e-07	1.88412567033939	0.209	0.057	0.04680484999446	chr22-37500866-37503073	2
3.01641001561929e-07	1.29564199990691	0.327	0.159	0.0577021137527877	chr1-180229005-180232419	2
3.49321338795564e-07	1.96705278731345	0.205	0.061	0.0668230761835587	chr14-81365789-81367303	2
3.7694906591337e-07	1.17265933011168	0.349	0.174	0.0721080946148322	chr1-226944283-226947333	2
4.4912131019284e-07	1.72449297417222	0.234	0.083	0.0859142119120292	chr12-120100127-120103062	2
4.86392096813266e-07	1.2120762341744	0.335	0.159	0.0930438897677969	chr19-1097650-1099960	2
5.10418330247739e-07	1.63970252598564	0.245	0.091	0.0976399640664109	chr3-111737179-111740270	2
5.54346565238384e-07	0.969031343825897	0.417	0.235	0.106043171850711	chr12-101695649-101704100	2
6.51032868221925e-07	1.35085378114811	0.288	0.121	0.124538681493645	chr12-124421632-124423962	2
6.75841455717564e-07	1.73666261596966	0.219	0.072	0.129284415430036	chr1-150980947-150982928	2
6.8211607094275e-07	1.93479171256024	0.201	0.061	0.130484711674922	chr16-87635242-87636989	2
6.96830310035718e-07	1.3214357857951	0.288	0.121	0.133299457327973	chr5-469804-481236	2
7.06928766194686e-07	1.70819888209663	0.223	0.072	0.135231231400446	chr6-151833080-151834328	2
7.10522766697817e-07	1.45704630731403	0.263	0.102	0.135918742132692	chr10-60942322-60944527	2
7.63062579945788e-07	1.77631982329923	0.209	0.064	0.14596929316815	chr20-31860070-31862291	2
8.26093286180539e-07	1.50590473498423	0.255	0.102	0.15802668908662	chr12-110246680-110248868	2
9.12730346117177e-07	1.63121421554916	0.23	0.08	0.174599838830139	chr1-179090422-179093145	2
1.07841032537277e-06	1.41761527344808	0.259	0.098	0.206293424781858	chr14-75458761-75460065	2
1.10645105553711e-06	1.83727685752335	0.209	0.068	0.211657448217917	chr19-29389030-29390351	2
1.15964168651015e-06	0.63693163638644	0.64	0.462	0.221832496779272	chr22-46040296-46065534	2
1.22202037780878e-06	0.887186604949295	0.442	0.246	0.233765166152553	chr6-165833903-165836151	2
1.50993253184915e-06	1.41743800093738	0.266	0.11	0.288841033747551	chr14-79278381-79280158	2
1.8625028997299e-06	1.71012524243305	0.209	0.072	0.356285629700932	chr7-151875044-151877950	2
2.07567907831303e-06	1.53828597723793	0.23	0.083	0.397064953606813	chr2-172084324-172086002	2
2.20644654616131e-06	0.966512270115826	0.388	0.223	0.422079985601382	chr3-24491597-24496274	2
2.38078828798336e-06	1.75492895444201	0.209	0.072	0.455430514761488	chr10-79259936-79262415	2
2.44620786725627e-06	1.07956386470918	0.349	0.189	0.467944887758921	chr14-23152753-23155921	2
2.72509863827282e-06	0.97270142977169	0.388	0.22	0.521295018909761	chr7-50669260-50682556	2
2.93423543406261e-06	1.62815761084625	0.205	0.068	0.561301633123573	chr16-2081596-2083047	2
3.08132432618096e-06	1.46844896149665	0.241	0.095	0.589438855652461	chr1-159867115-159868558	2
3.1233096905798e-06	0.965776172164645	0.399	0.235	0.597470403949772	chr1-244833765-244842498	2
3.16648991995261e-06	1.57513674624378	0.219	0.08	0.605730522747414	chr8-62529283-62530884	2
3.74664773462792e-06	1.59620999001592	0.212	0.076	0.716711231747913	chr5-159877531-159879612	2
4.58803187292465e-06	1.68490964353567	0.201	0.068	0.877662969099247	chrX-1379368-1389740	2
5.21086283187265e-06	1.69803481273043	0.209	0.08	0.996806794560246	chr1-201494053-201496935	2
5.67261105685725e-06	1.05853365910211	0.342	0.189	1	chr16-15575557-15578260	2
5.8050142340798e-06	1.34920573731153	0.259	0.117	1	chr16-67206218-67209682	2
7.64632018617713e-06	1.38855808460651	0.234	0.095	1	chr7-80133580-80138004	2
7.71333834331693e-06	0.790457925386616	0.446	0.288	1	chr4-78055747-78060022	2
7.74437650298905e-06	1.22057563322411	0.288	0.136	1	chr1-236147386-236151687	2
8.87611726814902e-06	1.27365317162138	0.263	0.117	1	chr11-47329277-47332107	2
9.0028568042445e-06	1.46260239670213	0.23	0.095	1	chr22-38167335-38168702	2
9.30793981056149e-06	1.64428986777822	0.201	0.076	1	chr16-58031050-58033803	2
1.09292803436716e-05	0.888443265896383	0.403	0.254	1	chr2-236569209-236586359	2
1.17913703166865e-05	1.14889145920505	0.299	0.152	1	chr7-27344477-27348170	2
1.25044817966995e-05	1.24122591622353	0.263	0.125	1	chr12-104456247-104458252	2
1.44933193876942e-05	1.05470542390252	0.32	0.17	1	chr11-6566303-6569338	2
1.4761775978723e-05	1.53449417782846	0.201	0.076	1	chr2-109690439-109692727	2
1.6065006227069e-05	1.41300468294034	0.223	0.095	1	chr5-77281811-77283174	2
1.62026432044113e-05	1.22035143777434	0.277	0.14	1	chr5-179677523-179680364	2
1.64516710602861e-05	1.40204762948947	0.23	0.102	1	chr12-6312048-6313879	2
1.73472356446331e-05	1.26651041665972	0.248	0.11	1	chr12-124827526-124829694	2
1.90405518831957e-05	1.13322584433712	0.281	0.136	1	chr2-96143900-96149120	2
2.00079424423742e-05	1.51485950844873	0.205	0.08	1	chr5-65984033-65987543	2
2.06101664273892e-05	1.38822006512872	0.216	0.087	1	chr7-2477357-2479591	2
2.1603972898081e-05	1.45004102956768	0.205	0.083	1	chr14-64681701-64683078	2
2.28527637881258e-05	1.13111561577069	0.291	0.148	1	chr3-139533751-139536030	2
2.38090523055964e-05	1.06271925586145	0.291	0.152	1	chr6-291044-293860	2
2.58352421636016e-05	1.25194692295585	0.237	0.102	1	chr3-186974357-186977916	2
2.75880305241806e-05	1.17864198732394	0.266	0.129	1	chr1-203316039-203318180	2
2.77356813736063e-05	1.46290195726708	0.205	0.083	1	chr1-11483656-11486656	2
2.94897636121957e-05	1.41192466884692	0.212	0.087	1	chr5-74156618-74157764	2
3.08044237639863e-05	0.947436432382849	0.327	0.178	1	chr7-75611216-75612593	2
3.30354304501952e-05	1.11833527564547	0.277	0.14	1	chr1-168803174-168804619	2
3.34143023092326e-05	1.35945044098773	0.216	0.091	1	chr6-119484007-119485125	2
3.35586228082145e-05	0.721198067337351	0.471	0.333	1	chr16-75249763-75255644	2
3.40065588380635e-05	1.10564624022958	0.27	0.133	1	chr7-98616717-98620577	2
3.49152538046001e-05	0.549838838156709	0.597	0.466	1	chr1-234956838-234964911	2
3.51859087587349e-05	1.29001152787803	0.227	0.098	1	chr7-50683359-50689156	2
4.00814618001607e-05	0.798648708691165	0.378	0.223	1	chr8-38733470-38736337	2
4.02292259264426e-05	1.31481532540799	0.216	0.091	1	chr3-194002694-194004173	2
4.11836916136592e-05	1.43376446186212	0.201	0.083	1	chr11-60995859-60997349	2
4.33071817742818e-05	1.01671342498669	0.295	0.159	1	chr20-31942126-31944467	2
4.58359893914227e-05	1.2214679272302	0.237	0.106	1	chr4-52721593-52722977	2
5.05197778693337e-05	1.21469644885467	0.23	0.106	1	chr11-75476136-75477819	2
5.17798397423129e-05	1.39959104664364	0.219	0.102	1	chr7-74464700-74468163	2
5.18285464140589e-05	1.12524424522558	0.255	0.125	1	chr16-30584891-30586719	2
5.60403529399909e-05	0.915362252536817	0.331	0.186	1	chr7-55963922-55967588	2
5.93733242940221e-05	1.23054844898204	0.234	0.114	1	chr19-4454790-4458372	2
6.06765656118414e-05	1.02128685296436	0.309	0.174	1	chr17-14300397-14303131	2
6.4059957953322e-05	0.676424562880983	0.446	0.303	1	chr11-75426981-75433182	2
6.53457143747854e-05	0.675403219761746	0.457	0.307	1	chr8-133849990-133852811	2
6.71408056511879e-05	1.15002368953862	0.245	0.117	1	chr17-12730418-12731803	2
7.07705318119747e-05	0.989202184800312	0.291	0.159	1	chr2-20465560-20467804	2
7.65401447512486e-05	1.24692296771329	0.212	0.095	1	chr12-12313720-12314626	2
7.8880583282791e-05	1.21079901336686	0.237	0.117	1	chr17-74767284-74773891	2
8.24380478459988e-05	1.30222317561061	0.219	0.102	1	chr1-229269538-229272867	2
8.26467051132435e-05	1.27870491893859	0.216	0.098	1	chr1-220708948-220711883	2
8.52163089204885e-05	1.10587329508157	0.266	0.144	1	chr8-144513836-144518897	2
9.63685338158744e-05	0.401744407465032	0.781	0.636	1	chr1-234598963-234614380	2
0.00010443119000185	1.27657626442649	0.205	0.091	1	chr5-158593079-158595680	2
0.000107707226146551	0.990638628749927	0.284	0.155	1	chr12-6228323-6233783	2
0.000126094839691162	0.94909442953518	0.299	0.17	1	chr1-245257790-245261098	2
0.000127063162405158	1.22726350584276	0.219	0.102	1	chr2-119240187-119241775	2
0.000148935365088151	1.24564675579736	0.212	0.098	1	chr1-213153346-213155265	2
0.000151297596367159	1.32848134430778	0.201	0.095	1	chr6-63635066-63637238	2
0.000154659117404811	0.829306506268112	0.324	0.193	1	chr14-90511824-90514677	2
0.000157717291090149	1.11423566540205	0.252	0.136	1	chr1-204442683-204444155	2
0.000169523302203765	0.908246649032799	0.302	0.178	1	chr2-226835006-226838410	2
0.000172359596008939	1.18650570048949	0.212	0.098	1	chr22-46374700-46375854	2
0.000179619953655325	1.27725881437062	0.205	0.095	1	chr6-152301264-152302712	2
0.000179764795345988	1.0102426580563	0.277	0.155	1	chr1-236141000-236145578	2
0.000210166692627255	1.17060227145985	0.216	0.102	1	chr5-155545869-155547022	2
0.000219823289270355	0.907205337767537	0.288	0.152	1	chr4-140236827-140239182	2
0.000233629496507315	1.11908648792998	0.245	0.129	1	chr10-19815232-19817949	2
0.000244571396996342	1.17599344165916	0.209	0.098	1	chr7-106064665-106066379	2
0.000276699959921033	0.736966773780001	0.36	0.227	1	chr2-156331554-156335963	2
0.000301235901754789	0.996803531675005	0.248	0.136	1	chr6-52917843-52919965	2
0.000303737541365488	1.08413268727107	0.223	0.11	1	chr1-217088997-217090748	2
0.000324874628476905	0.839393261067842	0.331	0.208	1	chr4-16222749-16228811	2
0.000355629302623394	0.511236067820718	0.55	0.443	1	chr3-39405820-39417996	2
0.00036095997075755	0.735799041040472	0.36	0.235	1	chr6-125789419-125792206	2
0.000378015172702262	1.24623900423728	0.201	0.102	1	chr8-133718675-133722978	2
0.00039042626271005	0.646748458311508	0.399	0.273	1	chr12-43757805-43760862	2
0.000401834579811871	0.73221860215573	0.381	0.273	1	chr3-184247398-184250751	2
0.000421648213905361	1.10597013828741	0.212	0.106	1	chr22-40651328-40652832	2
0.000440271908568585	1.0476192799808	0.219	0.11	1	chr3-157498856-157500594	2
0.000476355406088509	1.16460786228043	0.205	0.106	1	chr7-101153905-101158015	2
0.000491547326506378	0.722834510143084	0.349	0.227	1	chr16-31450858-31455784	2
0.000506737294662201	0.78578284660785	0.331	0.205	1	chr16-75108647-75112094	2
0.000537484010300259	1.0407840050865	0.219	0.11	1	chr12-101711889-101716581	2
0.000547215463983018	1.0320944095998	0.216	0.11	1	chr22-45816752-45818898	2
0.000551862942548056	0.990678985001652	0.252	0.144	1	chr5-159262295-159263884	2
0.000582550091154862	1.09315946407946	0.209	0.106	1	chr1-6427091-6428593	2
0.000632154222099693	0.93206437098596	0.266	0.155	1	chr3-4564731-4567390	2
0.000653251791222293	0.808795500307301	0.306	0.189	1	chr1-234542045-234546269	2
0.000665661163458294	1.03410601311633	0.216	0.114	1	chr3-124032149-124034422	2
0.000678175300239777	0.707405582989276	0.363	0.25	1	chr6-117601256-117603660	2
0.000696121366720194	1.04950645678806	0.212	0.11	1	chr6-75600655-75603944	2
0.000701929872194874	0.884362491094037	0.255	0.144	1	chr3-155743409-155746409	2
0.000770999117290568	1.23257327173063	0.205	0.114	1	chr21-16336628-16344919	2
0.000784201875192353	0.565576562375497	0.442	0.314	1	chr2-20446624-20451574	2
0.000838114945582769	0.828317382363246	0.263	0.152	1	chr16-30874292-30877269	2
0.00084854302582585	0.967849170577146	0.227	0.125	1	chr10-29734781-29737351	2
0.000881929096793704	0.879751357864451	0.281	0.178	1	chr6-96836141-96838162	2
0.000883543141107977	0.910712344371029	0.252	0.14	1	chr7-12403057-12404838	2
0.000895777277991761	0.981775143929623	0.23	0.129	1	chr6-135180346-135182950	2
0.000923247262209238	0.564264941306212	0.428	0.318	1	chr1-226132433-226136239	2
0.000975282436861172	1.072748929267	0.201	0.106	1	chr1-6204861-6207120	2
0.000997519391996208	0.837550844383644	0.259	0.148	1	chr16-70750484-70752428	2
0.000999158348172609	0.825464154700151	0.284	0.174	1	chr1-156851504-156853396	2
0.00104711827580816	0.729488915283779	0.306	0.186	1	chr7-148152954-148154445	2
0.00105737330438603	0.818025813320117	0.291	0.186	1	chr6-53064380-53069206	2
0.00106188631694771	0.963096871463005	0.23	0.125	1	chr14-64703821-64707241	2
0.00109721746000404	0.972859188323712	0.237	0.136	1	chr1-68495367-68497909	2
0.00112833435957462	1.00893124218632	0.216	0.117	1	chr2-135049720-135053235	2
0.00115914987739077	1.03804521886104	0.219	0.125	1	chr9-19550132-19553824	2
0.0011658741586786	1.07353047545375	0.209	0.114	1	chr2-15591078-15592847	2
0.00117442002087317	0.951105349380928	0.237	0.136	1	chr1-233714123-233715699	2
0.00131825326446176	0.820483404141501	0.281	0.174	1	chr3-128384874-128386339	2
0.00135358555050036	0.975790132100698	0.209	0.114	1	chr12-101607764-101609231	2
0.00145111494208704	1.02987749653033	0.209	0.114	1	chr7-23473494-23474966	2
0.0014932761661992	0.659973917208206	0.345	0.239	1	chr1-180157019-180158892	2
0.00153595087543089	0.575584045500881	0.417	0.303	1	chr6-85640857-85645272	2
0.00154763989503601	0.78796444452849	0.273	0.163	1	chr7-108093969-108096271	2
0.00155874534177965	0.708902960055611	0.313	0.212	1	chr6-127265879-127268830	2
0.00159154119787016	0.583879917506878	0.399	0.299	1	chr11-85825576-85829197	2
0.00162035194660964	0.839029586797869	0.259	0.163	1	chr3-40230747-40232856	2
0.00164176133095808	0.901567409142539	0.234	0.136	1	chr14-35335230-35337713	2
0.00164391762419688	0.908847473075673	0.23	0.129	1	chr6-108847696-108849234	2
0.00164984732796837	0.703364955537458	0.32	0.216	1	chr21-32770540-32773350	2
0.00173576844551883	0.815409436527	0.252	0.155	1	chr1-201059584-201061683	2
0.00173896418639497	0.909272763966166	0.227	0.129	1	chr18-2570491-2572474	2
0.00176353358169781	0.976283783223021	0.223	0.129	1	chr10-32980041-32982336	2
0.00177109550955476	0.742750279108578	0.309	0.208	1	chr7-149124969-149128424	2
0.00178822601444418	0.940911128924585	0.227	0.129	1	chr12-104956776-104959987	2
0.00180504113342282	0.582094914621603	0.381	0.277	1	chr1-204492605-204495516	2
0.00181333500446262	1.02878713737163	0.223	0.133	1	chr5-91024015-91029174	2
0.00185242552134497	0.946572773239077	0.209	0.114	1	chr6-128519383-128521527	2
0.00187492415127202	0.917510338590572	0.227	0.129	1	chr20-23360716-23363873	2
0.00191983682949545	0.97699371031203	0.219	0.125	1	chr1-911121-922402	2
0.00197235982078005	0.630091434754194	0.338	0.227	1	chr10-69123118-69125584	2
0.00212612432177578	0.952904803218121	0.219	0.129	1	chr6-42745020-42749485	2
0.00218429625229459	0.87768748499621	0.234	0.136	1	chr1-214215611-214217641	2
0.00225259451329325	0.670272239288537	0.302	0.193	1	chr5-178230517-178233408	2
0.00225438907265828	0.925754402809197	0.227	0.136	1	chr8-9101754-9103516	2
0.00226452582238872	0.687319726694085	0.32	0.216	1	chr6-56540920-56543487	2
0.0023071667667946	0.964736158782876	0.205	0.117	1	chr19-10651892-10656590	2
0.00235533228309353	0.679222191433998	0.345	0.246	1	chr6-85671969-85680735	2
0.00237360514291862	0.37378636313002	0.64	0.557	1	chr1-169104657-169127526	2
0.0023920176762497	0.973993514981656	0.201	0.114	1	chr2-130850111-130852459	2
0.00241843497686727	0.802400101325165	0.248	0.152	1	chr6-109439475-109442158	2
0.00248561494058651	0.733790016048571	0.284	0.186	1	chr6-166381312-166384295	2
0.00249058750920213	0.829256881490519	0.219	0.121	1	chr3-168248536-168250446	2
0.00255989127913171	0.713199496635156	0.273	0.167	1	chr8-66521567-66523806	2
0.00259612621831214	0.783681466304953	0.273	0.174	1	chr5-169141931-169143479	2
0.00260566956239395	1.00218713227679	0.201	0.114	1	chr1-110003533-110008004	2
0.00264142490530632	0.926360822064364	0.205	0.114	1	chr17-45791730-45792694	2
0.00270634121127606	0.89035740305163	0.209	0.114	1	chr2-95292412-95299086	2
0.00274998609912106	0.954587160995128	0.209	0.121	1	chr2-70084800-70090084	2
0.00278918300619939	0.82783456511487	0.241	0.148	1	chr6-100880386-100882454	2
0.00280429690166133	0.892677828376138	0.219	0.125	1	chr1-160159298-160160556	2
0.00284699309171638	0.927809267098698	0.212	0.125	1	chr14-59214946-59216532	2
0.00286473473713589	0.887073919955565	0.252	0.167	1	chr20-29079566-29081057	2
0.00287216526982627	0.867644378246584	0.234	0.144	1	chr4-145096740-145099626	2
0.00302871150275479	0.585591378718541	0.367	0.265	1	chr1-206555236-206560716	2
0.00307413240305995	0.648369513124023	0.324	0.22	1	chr12-93440033-93443322	2
0.00315071570498975	0.80784295258499	0.255	0.167	1	chr10-69684053-69686951	2
0.00320147335151969	0.690079283662835	0.288	0.182	1	chr10-132516260-132520947	2
0.00321422750182914	0.843540701772057	0.23	0.144	1	chr13-44401441-44406218	2
0.00321708831503858	0.581800579278392	0.388	0.292	1	chr21-36186337-36189294	2
0.00339663417084489	0.736041523443002	0.273	0.174	1	chr1-208202561-208204547	2
0.00346382198599792	0.519550248779213	0.399	0.311	1	chr14-80940443-80942553	2
0.00358560843181998	0.756792455695047	0.259	0.17	1	chr1-234477738-234479631	2
0.00361752552483114	0.254869713819842	0.773	0.723	1	chr1-202007172-202019760	2
0.00363088894935019	0.824439445923455	0.219	0.125	1	chr1-177584991-177586338	2
0.00365736868018739	0.842596911300956	0.227	0.14	1	chr12-15910403-15912689	2
0.00384032125350069	0.762082659733639	0.237	0.144	1	chr12-44948321-44949412	2
0.00384235281932674	0.836945564201063	0.216	0.125	1	chr8-116324454-116325543	2
0.00389472444931109	0.597215598014995	0.338	0.239	1	chr7-24978896-24982302	2
0.00390852187274145	0.73830274754446	0.255	0.159	1	chr7-54757731-54760484	2
0.00398125711740991	0.92114239886225	0.209	0.125	1	chr7-65980579-65982882	2
0.00404571446520186	0.744965493338621	0.266	0.174	1	chr17-52418746-52420249	2
0.00410296221395777	0.761444595581076	0.245	0.152	1	chr5-160399038-160400644	2
0.00410313422008386	0.902739375625603	0.201	0.117	1	chr14-91367068-91368175	2
0.00421627983069528	0.638204370224668	0.291	0.186	1	chr5-50440211-50442149	2
0.00430230901486288	0.944300435992479	0.205	0.125	1	chr10-75244393-75246331	2
0.00432065538068157	0.575746365922489	0.338	0.235	1	chr1-247330460-247337703	2
0.00434151569868537	0.771594231378683	0.252	0.163	1	chr10-133257212-133259872	2
0.00434262541117203	0.872235620770033	0.209	0.121	1	chr3-196631707-196633247	2
0.00441421167577704	0.642051495944854	0.313	0.223	1	chr16-15885585-15889293	2
0.00445265075498099	0.758051039446712	0.245	0.152	1	chr6-43170286-43172982	2
0.00446348130663517	0.77167171719615	0.23	0.14	1	chr21-25606731-25608930	2
0.00448184281337449	0.532475570541209	0.363	0.254	1	chr7-55364395-55367342	2
0.0045549625978479	0.589970886434901	0.32	0.22	1	chr17-79991285-79994381	2
0.00467150688963624	0.822651003554901	0.209	0.121	1	chr15-55740783-55743846	2
0.00468803756195905	0.847884958059655	0.212	0.125	1	chr1-225879600-225883670	2
0.00482272173479057	0.719865959512564	0.281	0.197	1	chr10-7232988-7234538	2
0.00483485560897968	0.757104366871111	0.255	0.163	1	chr5-172658883-172661051	2
0.00485486766870354	0.766416820260999	0.234	0.14	1	chr5-134058543-134060258	2
0.00494810321758722	0.934811191836438	0.201	0.121	1	chr5-10537809-10539955	2
0.00498042082379064	0.87402109999354	0.201	0.117	1	chr2-232300014-232301895	2
0.00499787874996447	0.797163213720039	0.223	0.133	1	chr14-102045961-102047061	2
0.00514303270882504	0.775411418724848	0.234	0.144	1	chr16-30533070-30536319	2
0.00515117775346913	0.745212389803622	0.248	0.159	1	chr7-155916978-155919860	2
0.00534804176601232	0.768290381158432	0.245	0.155	1	chr12-110279533-110282631	2
0.00535449076870468	0.639136442397695	0.299	0.201	1	chr12-132621939-132624401	2
0.00541642401541588	0.686659064371105	0.27	0.182	1	chr3-50163603-50168888	2
0.00542944378283606	0.804291718565337	0.23	0.14	1	chr10-17229078-17231736	2
0.00545453971552771	0.5494988268691	0.41	0.303	1	chr6-83429522-83433079	2
0.00557562741784618	0.811074601300639	0.216	0.129	1	chr1-233613289-233616304	2
0.00558696325194129	0.655458944069428	0.295	0.201	1	chr17-29176134-29181105	2
0.00563808762879817	0.647660918050001	0.291	0.197	1	chr12-98514673-98517243	2
0.00566054834818305	0.666855628475317	0.259	0.167	1	chr3-38346157-38348195	2
0.0058321983856513	0.737358935182051	0.241	0.159	1	chr20-3845542-3847901	2
0.00586791006433833	0.502203721491596	0.41	0.326	1	chr12-79687827-79693562	2
0.00590467470169508	0.86250174667539	0.216	0.136	1	chr10-15167302-15169703	2
0.00590838126033543	0.523729082442663	0.36	0.273	1	chr1-201395879-201401412	2
0.00608004346387595	0.66358572901812	0.284	0.197	1	chr1-182838589-182841799	2
0.00608291535587068	0.656629361250182	0.299	0.212	1	chr6-125956387-125958516	2
0.00611219558503413	0.771849935411513	0.248	0.167	1	chr17-38605505-38609053	2
0.0062625908485828	0.496766760530401	0.414	0.303	1	chr6-151388787-151393127	2
0.00651107624942571	0.857569277958498	0.216	0.136	1	chr8-81110753-81112682	2
0.0066726317061362	0.623864735782315	0.284	0.193	1	chr12-15881640-15883854	2
0.00671507269877899	0.579827067340964	0.342	0.254	1	chr1-234530736-234535030	2
0.00696224824114956	0.742237916929589	0.234	0.152	1	chr3-64150332-64152603	2
0.00696345879654855	0.696956902587368	0.248	0.159	1	chr5-77086376-77088514	2
0.00705594899634287	0.772104380314574	0.227	0.148	1	chr17-66723767-66725901	2
0.00711688451553704	0.789045939770784	0.23	0.148	1	chr1-227945111-227948967	2
0.00716349701717321	0.762146656179812	0.205	0.125	1	chr1-204213427-204214862	2
0.00737927371997473	0.60264726635425	0.317	0.223	1	chr5-76384049-76389298	2
0.0075782355485354	0.389780737003459	0.496	0.394	1	chr6-73511670-73522485	2
0.00782565794249515	0.79126444021812	0.223	0.14	1	chr8-62034056-62036526	2
0.0078473598705452	0.688697221064781	0.255	0.17	1	chr21-29072797-29074476	2
0.00789134642147372	0.638954632611316	0.284	0.201	1	chr6-79076212-79080133	2
0.00795724791582737	0.720888775955405	0.241	0.163	1	chr8-27583293-27585314	2
0.00812149911450435	0.716786047766031	0.237	0.155	1	chr5-180828765-180833157	2
0.00814650369204073	0.759991669546417	0.237	0.159	1	chr8-90000319-90002280	2
0.00816948318513912	0.715650148265926	0.241	0.159	1	chr12-111756380-111759167	2
0.00839382314789914	0.775110033355104	0.205	0.125	1	chr7-100118421-100120641	2
0.00843974672554955	0.611914504539575	0.299	0.208	1	chr1-181117145-181118569	2
0.00869927922926169	0.449268890388514	0.424	0.333	1	chr5-10248424-10252139	2
0.00873035196336691	0.654604779868204	0.277	0.197	1	chr12-112012337-112014830	2
0.0087438891219312	0.744112671323613	0.248	0.167	1	chr12-6383325-6385506	2
0.00875578312968141	0.583981982892067	0.317	0.227	1	chr7-101307610-101310060	2
0.00905772899728045	0.64966916301119	0.241	0.152	1	chr12-101459592-101460595	2
0.00919626578821026	0.644109094694207	0.284	0.193	1	chr10-110501021-110504910	2
0.00928697600408218	0.752590814116197	0.241	0.167	1	chr22-24592088-24595393	2
0.0093117081598337	0.702431834046889	0.237	0.155	1	chr6-89078982-89084044	2
0.00953915673861684	0.657417211619212	0.263	0.174	1	chr12-74536990-74540402	2
0.00960285201286366	0.426633328878141	0.478	0.402	1	chr1-248857175-248860279	2
0.00964273106372159	0.780295302412896	0.212	0.136	1	chr11-47184532-47187105	2
0.00983504262588915	0.530610678740204	0.349	0.277	1	chr12-49108611-49111484	2
0.0099586988115549	0.60924266945729	0.288	0.197	1	chr4-10018543-10020167	2
0.0107507211209989	0.576141240421326	0.295	0.208	1	chr1-118100555-118102451	2
0.0107510955227704	0.661510875128479	0.234	0.152	1	chr3-80769198-80771951	2
0.0108431162541581	0.689174827582365	0.248	0.167	1	chr10-97713048-97715400	2
0.0108705521255458	0.708028621202679	0.23	0.152	1	chr16-75096197-75100455	2
0.0112185235292032	0.707953575379668	0.23	0.148	1	chr20-50761298-50764592	2
0.0113765047696713	0.589610476234156	0.273	0.178	1	chr7-42233044-42238279	2
0.0114873629056034	0.770929444301662	0.223	0.148	1	chr2-183123423-183126285	2
0.0116793405511664	0.660720406245297	0.248	0.17	1	chr1-182615765-182618469	2
0.0117681266299084	0.537389176863404	0.335	0.242	1	chr8-142725259-142728887	2
0.0119331009446006	0.491697162572517	0.36	0.288	1	chr8-144461349-144468291	2
0.0119845973356091	0.670677950548909	0.241	0.155	1	chr16-81313632-81316415	2
0.0122407160746774	0.653800435220821	0.245	0.174	1	chr4-6673003-6675332	2
0.0124533598002525	0.747760129892959	0.209	0.133	1	chr3-165953409-165955266	2
0.0125643259617118	0.667013090668974	0.245	0.174	1	chr12-122265526-122267580	2
0.0128398903771411	0.558022618229085	0.32	0.246	1	chr7-151226430-151228690	2
0.0129125262223	0.715541069170619	0.223	0.152	1	chr21-29002286-29004147	2
0.0130447967128455	0.509454185611461	0.371	0.288	1	chr5-98785264-98792277	2
0.0133572446301943	0.664006937092063	0.216	0.133	1	chr1-41432070-41433352	2
0.0133727819956925	0.640561151735116	0.266	0.186	1	chr2-233480045-233482844	2
0.0133840406145811	0.679657485884081	0.223	0.148	1	chr16-28621405-28623960	2
0.0134256144321524	0.57871184575681	0.291	0.22	1	chr8-40054201-40055898	2
0.0137869865998977	0.700032794265372	0.245	0.174	1	chr16-75263261-75267032	2
0.013868303651224	0.481502521592553	0.342	0.246	1	chr6-111590969-111593529	2
0.0138926559618554	0.560263874720343	0.277	0.197	1	chr2-200525604-200527054	2
0.0139675439170806	0.769149592887963	0.205	0.136	1	chr2-75646142-75648190	2
0.0140216426837361	0.743560017438592	0.209	0.14	1	chr10-114634493-114636486	2
0.0145682272324095	0.489089262468215	0.363	0.292	1	chr1-225809544-225814050	2
0.0146084001003107	0.597105693147473	0.263	0.186	1	chr8-128027280-128028881	2
0.014632836283114	0.66371652140397	0.255	0.182	1	chr2-189762097-189763923	2
0.0146347544948228	0.491894119469567	0.345	0.273	1	chr14-61524069-61528036	2
0.0146916811504005	0.48981480458608	0.349	0.261	1	chr11-65100892-65106005	2
0.014726148265238	0.691529755747474	0.237	0.159	1	chr7-116861943-116863926	2
0.0147830076268694	0.43250965377462	0.424	0.348	1	chr1-183021761-183025153	2
0.014805133434047	0.673887424259593	0.245	0.167	1	chr1-173714248-173716200	2
0.0148650338117796	0.619431039946507	0.245	0.17	1	chr12-128822871-128825162	2
0.0150247882503918	0.748787488272882	0.219	0.148	1	chr17-19647014-19649518	2
0.0150319553604822	0.325827614465575	0.579	0.53	1	chr22-46096091-46123323	2
0.0152013078659235	0.581806615396536	0.284	0.208	1	chr12-117968181-117970356	2
0.0152372178459393	0.665966135162256	0.234	0.159	1	chr6-117919819-117921007	2
0.0153117455813856	0.655074276330411	0.255	0.178	1	chr1-228081119-228086087	2
0.0156702703175492	0.673017395799621	0.219	0.14	1	chr12-7128339-7131597	2
0.0156774012153454	0.607624443927657	0.259	0.178	1	chr10-13345853-13350508	2
0.0158649239005435	0.689670913151787	0.216	0.144	1	chr3-50600614-50603215	2
0.0159890666608833	0.65389553151024	0.248	0.174	1	chr6-138571254-138573240	2
0.016356048219998	0.641470514418936	0.245	0.17	1	chr1-226308212-226310124	2
0.0163571049325279	0.631159501443906	0.234	0.155	1	chr3-71541195-71543665	2
0.0165412097327271	0.589463339882044	0.281	0.212	1	chr6-111604219-111607305	2
0.0167714624206172	0.623928156464727	0.255	0.174	1	chr1-235864993-235868151	2
0.0171033434840015	0.284767461830138	0.608	0.576	1	chr12-6960502-6972162	2
0.0171131445867199	0.678112394743049	0.212	0.144	1	chr11-47118610-47119771	2
0.0172768098622149	0.619858231786996	0.248	0.174	1	chr16-31141412-31143263	2
0.0175879986484943	0.700495213963189	0.209	0.136	1	chr11-118620699-118623692	2
0.0177089895222213	0.505702914081608	0.324	0.235	1	chr7-150367064-150371927	2
0.0180268551599517	0.491643134588275	0.32	0.239	1	chr4-39457944-39460618	2
0.0183816268840126	0.519851976738035	0.32	0.246	1	chr8-29348508-29351542	2
0.0186658192791091	0.626648514524346	0.212	0.133	1	chr12-68609894-68612040	2
0.0191737640874396	0.573751708180515	0.263	0.186	1	chr1-91884529-91886975	2
0.0192476631262469	0.500215092395442	0.302	0.223	1	chr6-147202081-147205253	2
0.0195010782112557	0.498519081799744	0.299	0.22	1	chr16-5096775-5100231	2
0.0196305715206548	0.562043826416654	0.255	0.178	1	chr10-61922896-61924685	2
0.019659877615294	0.494284354138512	0.306	0.223	1	chr5-135031435-135035839	2
0.0202145737239874	0.538631722678859	0.27	0.193	1	chr5-132829297-132832055	2
0.0203020837821288	0.592074828587709	0.273	0.205	1	chr6-96520186-96522877	2
0.0208113474137028	0.55127850862689	0.291	0.22	1	chr8-33511923-33514258	2
0.020869426965065	0.6156924490323	0.266	0.193	1	chr1-243432788-243435226	2
0.0209685856677731	0.480805955717647	0.324	0.239	1	chr6-109690081-109691988	2
0.0212177482835096	0.679422411492597	0.223	0.159	1	chr1-202236151-202237605	2
0.0212244818817319	0.707225229123791	0.201	0.133	1	chr7-148986547-148988860	2
0.0212356463519316	0.650084728485303	0.227	0.163	1	chr7-87627545-87629608	2
0.0212437458044208	0.657799649271312	0.241	0.167	1	chr21-31730548-31734156	2
0.0212573251003238	0.641459102642551	0.212	0.144	1	chr3-170180019-170182079	2
0.0213132134387279	0.45461852726263	0.313	0.235	1	chr5-1879779-1884439	2
0.0213955279961646	0.58017983181429	0.248	0.174	1	chr2-200258067-200260516	2
0.0215810780922104	0.502511118682912	0.345	0.284	1	chr1-201510724-201513590	2
0.0217702639429199	0.581352577983666	0.277	0.212	1	chr6-99513912-99516531	2
0.0218067501205261	0.404083500500718	0.371	0.295	1	chr6-109336046-109337535	2
0.0219678550634595	0.616860409832667	0.241	0.17	1	chr6-159691247-159694685	2
0.0221777929891456	0.659966866932364	0.216	0.148	1	chr5-40410827-40411959	2
0.0222190394263649	0.591466273409604	0.263	0.186	1	chr12-100572931-100575007	2
0.022306805242652	0.5870315399298	0.259	0.186	1	chr8-37735957-37738280	2
0.0226015790977124	0.644588275590618	0.212	0.14	1	chr10-110433395-110434402	2
0.0226385907690957	0.579687144733428	0.266	0.193	1	chr6-53651089-53652853	2
0.0226875163358692	0.733323664880263	0.205	0.144	1	chr20-52190517-52192867	2
0.0227223454511146	0.681851532789183	0.216	0.152	1	chr8-85106419-85108314	2
0.0227395724525541	0.573575583572772	0.277	0.208	1	chr20-25232738-25235909	2
0.0227797042984966	0.380119781350187	0.439	0.367	1	chr6-116570579-116573299	2
0.0228290174355289	0.654193645835914	0.212	0.144	1	chr10-43137299-43139428	2
0.022874836039066	0.26851984685383	0.64	0.572	1	chr1-155123709-155137365	2
0.0229029636470442	0.615801217336818	0.252	0.186	1	chr6-107956553-107958949	2
0.0229882331242363	0.435660328951215	0.327	0.254	1	chr3-48738920-48741154	2
0.0232991332381919	0.541384588137172	0.288	0.212	1	chr8-97642972-97646447	2
0.0233900618547346	0.391860344907642	0.46	0.424	1	chr6-118891924-118896973	2
0.0235250114581637	0.61514402510143	0.234	0.163	1	chr11-61688005-61689554	2
0.0235567853774975	0.660642996327149	0.219	0.148	1	chr10-21172191-21175687	2
0.0236753812077973	0.656619327823712	0.216	0.144	1	chr2-75709263-75711734	2
0.0237280738655985	0.582780188940627	0.248	0.178	1	chr16-89718199-89724595	2
0.0237765364801252	0.647588204808513	0.216	0.144	1	chr12-49366263-49368718	2
0.0238982473168992	0.601408971926818	0.252	0.186	1	chr1-45010149-45013172	2
0.02406376536351	0.550904928516925	0.259	0.178	1	chr7-116780457-116781816	2
0.0241314274553849	0.600855468474842	0.23	0.159	1	chr1-230863079-230864702	2
0.0243339978456481	0.485834564341111	0.313	0.235	1	chr3-150602204-150604644	2
0.0245066533100183	0.543621846187242	0.266	0.189	1	chr1-28504907-28513255	2
0.0245601100112997	0.658480392789084	0.23	0.163	1	chr2-156340372-156343820	2
0.0251540050137923	0.63195859205502	0.237	0.17	1	chr3-138113274-138116344	2
0.0252700982531646	0.654985523451729	0.209	0.14	1	chr1-229507428-229509514	2
0.0254888106819748	0.563062757013717	0.259	0.186	1	chr3-129002574-129006414	2
0.0255609664722769	0.568052159237244	0.227	0.152	1	chr1-206469402-206471448	2
0.0256117852399606	0.570719947574807	0.23	0.159	1	chr6-116615717-116617266	2
0.0263000629389553	0.441825608408685	0.378	0.307	1	chr1-193121316-193123566	2
0.0263224656957463	0.583937907051528	0.223	0.152	1	chr12-53937965-53940151	2
0.0268025633131889	0.668189203795545	0.223	0.155	1	chr6-138772713-138774807	2
0.0275092627448248	0.59284422069742	0.252	0.186	1	chr19-18588133-18591110	2
0.0275648846529069	0.390270602431115	0.421	0.364	1	chr8-37301547-37303803	2
0.027677815588077	0.365444050403072	0.45	0.364	1	chr12-71662612-71665678	2
0.0278938877444092	0.524084952558579	0.273	0.201	1	chr5-55600164-55602053	2
0.0279546859938676	0.491672978877714	0.299	0.231	1	chr5-127956861-127961334	2
0.0282850112073384	0.461140097946497	0.313	0.239	1	chr4-56465503-56469145	2
0.028899244330411	0.65066825301593	0.209	0.144	1	chr2-227324417-227326526	2
0.0290453643505217	0.415135060587831	0.374	0.299	1	chr1-201113506-201115342	2
0.0296401743032626	0.581177951762202	0.252	0.182	1	chr7-106058076-106059272	2
0.0296522233861457	0.539084804777153	0.245	0.174	1	chr21-43725503-43729401	2
0.0299807482529932	0.333926145784546	0.457	0.394	1	chr10-28676867-28686146	2
0.0302050929019465	0.457716509090929	0.284	0.201	1	chr4-70703501-70706909	2
0.0303329693367636	0.687274670240396	0.201	0.14	1	chr10-119667386-119671686	2
0.0304168379422969	0.496414584887205	0.27	0.201	1	chr6-73652517-73655434	2
0.0309108782107944	0.381467157876822	0.385	0.307	1	chr14-39265016-39268961	2
0.0310457843471307	0.531861214578623	0.281	0.227	1	chr1-46516081-46517953	2
0.0315621921390947	0.625203819914329	0.216	0.152	1	chr6-80105978-80107409	2
0.0316162357117578	0.555346377648436	0.255	0.186	1	chr6-167825642-167828672	2
0.0316389221367166	0.592023195954402	0.245	0.178	1	chr6-138403462-138405400	2
0.0316988522680248	0.348849040305639	0.439	0.375	1	chr1-230977119-230980264	2
0.0318439369479316	0.554934593554826	0.248	0.186	1	chr1-168391420-168392846	2
0.0318841668946091	0.421905076412472	0.353	0.277	1	chr14-91163028-91165623	2
0.0325555653405825	0.33145282454817	0.471	0.405	1	chr5-14142356-14146260	2
0.0325698984434569	0.632823899058691	0.227	0.163	1	chr16-85514173-85516506	2
0.0327220528577174	0.475049177690444	0.295	0.227	1	chr7-6446739-6448879	2
0.0328793796022261	0.657725244438452	0.201	0.14	1	chr5-177365759-177367865	2
0.0328936950665516	0.638863918175552	0.201	0.136	1	chr11-1302254-1304856	2
0.0333621570074641	0.507204850921128	0.255	0.182	1	chr7-92832477-92834292	2
0.0341054237701886	0.594068193956492	0.205	0.144	1	chr3-11600130-11603273	2
0.0342468379624559	0.588743038440117	0.223	0.163	1	chr2-199457115-199460896	2
0.0342891067716062	0.568863966908107	0.219	0.148	1	chr13-21603319-21604699	2
0.0346028769586406	0.529031264581317	0.263	0.193	1	chr19-58326460-58328122	2
0.0353145988632324	0.651709668092332	0.201	0.14	1	chr17-21200226-21201788	2
0.035574215938423	0.473840424416166	0.266	0.193	1	chr12-121888051-121890018	2
0.036017141383777	0.618317798442929	0.212	0.152	1	chr12-91817132-91819567	2
0.0360257740665056	0.510322324336403	0.255	0.182	1	chr6-113856622-113859520	2
0.0363793608290204	0.627812797526315	0.212	0.152	1	chr2-178111953-178113500	2
0.0365105492233023	0.409552367422307	0.335	0.265	1	chr8-30721959-30724297	2
0.0368470745642908	0.588884074220418	0.216	0.152	1	chr14-105201309-105206291	2
0.0369455359987475	0.474929142215342	0.259	0.186	1	chr16-25048231-25050867	2
0.0372661401098572	0.369023154927662	0.417	0.348	1	chr2-95273736-95278138	2
0.0374572954471224	0.627773930697589	0.216	0.155	1	chr10-11874259-11876652	2
0.0376869210050008	0.652629697948811	0.205	0.144	1	chrX-2690683-2692976	2
0.0378242319382769	0.583972594028407	0.245	0.186	1	chr6-42563396-42566327	2
0.0383750335953966	0.582952769678436	0.216	0.152	1	chr1-58941645-58943624	2
0.0386180100911587	0.529899160011166	0.23	0.163	1	chr6-148191120-148192692	2
0.038739871109627	0.504002191673662	0.284	0.22	1	chr1-241847312-241849377	2
0.0390174263210716	0.484057417643881	0.284	0.223	1	chr16-23678079-23680064	2
0.0390660616109754	0.390899143333282	0.396	0.326	1	chr12-14802637-14804598	2
0.0392776050292639	0.631461657762592	0.205	0.144	1	chr6-116667744-116669148	2
0.0393171123765828	0.600125755841959	0.205	0.144	1	chr12-6866558-6870038	2
0.0394261783902617	0.424748728752762	0.36	0.299	1	chr10-130109434-130112038	2
0.039571029458113	0.551470021573119	0.248	0.186	1	chr7-5780411-5782268	2
0.0397373409966772	0.5289600991175	0.223	0.155	1	chr1-35930011-35932217	2
0.0399914373614009	0.385634423407759	0.363	0.28	1	chr14-95338957-95341004	2
0.0400173860827667	0.536679721538457	0.212	0.152	1	chr7-74083014-74086008	2
0.0402707512902138	0.558142897311559	0.223	0.159	1	chr6-165659723-165664539	2
0.040735794792489	0.544951739714109	0.227	0.163	1	chr3-38453005-38456123	2
0.0408897404153377	0.481575070976447	0.284	0.223	1	chr14-39169228-39171310	2
0.0408969843449324	0.554974122299504	0.223	0.159	1	chr12-120234407-120236342	2
0.0414483032642776	0.314747785194921	0.478	0.42	1	chr1-244968314-244972788	2
0.0418332180209302	0.52234619093734	0.252	0.193	1	chr5-38612944-38614996	2
0.0420218577734419	0.383734693029405	0.335	0.242	1	chr9-113564329-113567190	2
0.0426279039440984	0.528051884471068	0.23	0.17	1	chr12-2794362-2796789	2
0.0426618221465664	0.556227588985253	0.223	0.159	1	chr16-4537170-4539367	2
0.0427645208867424	0.376184688225433	0.36	0.288	1	chr11-27172590-27174793	2
0.0431169025719843	0.574712948481808	0.216	0.155	1	chr7-17094551-17095756	2
0.0435724517908107	0.486547197201441	0.23	0.167	1	chr12-89918012-89920048	2
0.043588568267274	0.585421373195301	0.209	0.148	1	chr1-10673385-10678311	2
0.0436621516089435	0.45599420192596	0.281	0.22	1	chr6-116252626-116256214	2
0.0438688708357949	0.446658191811089	0.306	0.25	1	chr6-53793236-53796773	2
0.0442336308570114	0.366172277665856	0.353	0.28	1	chr7-135210286-135212811	2
0.0443080630608236	0.430513250266478	0.299	0.235	1	chr1-236603555-236605381	2
0.0447634915602308	0.480954093123992	0.266	0.201	1	chr12-95102641-95103867	2
0.0447981064417275	0.371176178230499	0.381	0.303	1	chr1-180501413-180503859	2
0.0451968585085177	0.412827277975708	0.32	0.258	1	chr19-58557775-58563989	2
0.0451976154069012	0.534656983977692	0.259	0.205	1	chr21-46322361-46326440	2
0.0452391897569367	0.520521339336452	0.212	0.144	1	chr6-47308076-47310514	2
0.0455179180408163	0.410856715709925	0.327	0.261	1	chr1-180173437-180175130	2
0.0456731153386577	0.490078462118734	0.259	0.201	1	chr16-19520729-19522740	2
0.0457345445206593	0.497963693643373	0.277	0.216	1	chr20-25695546-25697405	2
0.0457670040469195	0.518079633369981	0.255	0.189	1	chr2-186485162-186487468	2
0.0458649310578108	0.491078003261313	0.252	0.186	1	chr14-21382896-21385014	2
0.0466350477403486	0.547364782503109	0.234	0.174	1	chr1-201828463-201830274	2
0.0470387844099901	0.601003388800072	0.209	0.152	1	chr12-46382518-46384488	2
0.0471328264289809	0.51179347851543	0.223	0.163	1	chr4-56048464-56050396	2
0.0482480022332981	0.553359293219448	0.216	0.159	1	chr14-88562351-88564528	2
0.0483364927204486	0.532607224541402	0.234	0.17	1	chr5-78504264-78505863	2
0.0483512627637622	0.46635585793548	0.266	0.208	1	chr14-93016539-93020179	2
0.0484599030592914	0.380845958805543	0.317	0.242	1	chr6-43769188-43775365	2
0.0490350937668945	0.363713092029669	0.356	0.292	1	chr11-47212689-47216976	2
0.0494570642832686	0.468942320844936	0.263	0.201	1	chr17-47948257-47950886	2
0.049672127904488	0.424141083037726	0.266	0.197	1	chr2-135073764-135075189	2
0.0497754005983314	0.607301048144243	0.23	0.17	1	chr4-5709144-5712138	2
0.0497790314680652	0.397653339345369	0.367	0.314	1	chr16-58024449-58028907	2
0.0498814818075581	0.385133887563326	0.356	0.284	1	chr10-43395374-43399647	2
0.0503389854569329	0.567495481202006	0.216	0.163	1	chr17-75695749-75698368	2
0.0503890437551241	0.457752128747972	0.291	0.227	1	chr3-40689763-40692044	2
0.0506556739780741	0.607722567539686	0.205	0.152	1	chr1-241639236-241641551	2
0.0508522184693975	0.588554941510416	0.205	0.148	1	chr5-55822598-55825331	2
0.0510444005628091	0.398674459041619	0.338	0.273	1	chr12-31322904-31326819	2
0.0514861729223914	0.545162644105001	0.209	0.148	1	chr19-1452923-1456619	2
0.0516340416306577	0.367355146080873	0.381	0.33	1	chr1-211577268-211580388	2
0.0519152615225319	0.494890385702562	0.212	0.148	1	chr5-68286073-68292841	2
0.0520783236002385	0.45281435642992	0.284	0.223	1	chr10-32445443-32447606	2
0.0522915041720902	0.540977789518313	0.23	0.17	1	chr2-201115741-201119521	2
0.0528203578123522	0.535484920978719	0.237	0.178	1	chr1-228099259-228105593	2
0.0528708255043722	0.572686452383704	0.227	0.17	1	chr10-46028524-46031181	2
0.0530069460752111	0.544972449234157	0.223	0.167	1	chrY-2933966-2938168	2
0.0530933236634126	0.481597837383582	0.245	0.186	1	chr3-45144957-45147095	2
0.0535932849116959	0.543094962762506	0.223	0.167	1	chr10-12405027-12407163	2
0.0537223938840052	0.373435317674361	0.327	0.242	1	chr16-2210397-2213481	2
0.0539549134986897	0.43876305638127	0.241	0.17	1	chr1-207320994-207324483	2
0.0540623600919583	0.584467397382627	0.205	0.148	1	chr16-11756953-11758550	2
0.0543024068447238	0.510838346019688	0.216	0.152	1	chr7-100125869-100128713	2
0.0549532766661956	0.495424419156692	0.252	0.193	1	chr16-21511499-21516523	2
0.0551097688972147	0.546637842605907	0.219	0.163	1	chr1-223142324-223144176	2
0.0551307127600103	0.632845921141477	0.245	0.193	1	chr10-132417989-132422232	2
0.0554761876787009	0.459904902723073	0.23	0.167	1	chr12-55727508-55730404	2
0.0555636246583296	0.359781451479984	0.367	0.311	1	chr20-25622368-25625068	2
0.0559679547269964	0.44793013614706	0.248	0.182	1	chr7-92244744-92247338	2
0.0564119306914583	0.316381582695278	0.439	0.402	1	chr17-74756743-74762368	2
0.0569309671647436	0.436507625460321	0.245	0.182	1	chr7-105672978-105674444	2
0.0571923360792118	0.413255463541895	0.356	0.295	1	chr6-63570154-63574856	2
0.0572088687405464	0.448605515758524	0.281	0.216	1	chr14-96501008-96503754	2
0.0576566856553511	0.597314671257978	0.205	0.148	1	chr21-16371746-16380532	2
0.0580789223978755	0.570611896538455	0.201	0.144	1	chr16-2458915-2460740	2
0.0584238602020358	0.492720122460539	0.216	0.155	1	chr6-117674612-117676541	2
0.0584300342485333	0.533783678283922	0.219	0.163	1	chr16-47459747-47462710	2
0.0586211747146417	0.478185597130648	0.245	0.178	1	chr2-222654594-222657378	2
0.0588478882664491	0.347913900004268	0.363	0.288	1	chr6-159725826-159729009	2
0.059208948450017	0.566519255565006	0.205	0.152	1	chr12-15788151-15790257	2
0.0594220276584401	0.523795280708796	0.223	0.17	1	chr16-46620391-46622038	2
0.0597262275973795	0.51910015051246	0.216	0.155	1	chr16-69057277-69058964	2
0.0604096913182834	0.358122559225146	0.32	0.258	1	chr11-61698849-61701947	2
0.0610412109070646	0.428335255877641	0.277	0.216	1	chr7-35035564-35038521	2
0.0613569976926845	0.513357927591631	0.23	0.174	1	chr3-151085153-151087311	2
0.0619781933262084	0.378599801605887	0.313	0.258	1	chr5-41868829-41871133	2
0.0620032038080743	0.458403983204148	0.284	0.227	1	chr6-122788621-122790776	2
0.0622555453354977	0.324703098404457	0.349	0.277	1	chr17-29291111-29295106	2
0.0624222854963706	0.329439518804097	0.381	0.311	1	chr10-75399557-75404225	2
0.0626453859610589	0.410357959481501	0.309	0.254	1	chr17-51119534-51122376	2
0.0627559353383876	0.478570855931638	0.223	0.159	1	chr12-101406201-101409416	2
0.0630577901984301	0.571183908409141	0.201	0.148	1	chr12-123583226-123585882	2
0.0630728123140472	0.379735917204136	0.338	0.28	1	chr10-132536114-132542823	2
0.0633476696238804	0.510392829227826	0.209	0.152	1	chr22-28817913-28820108	2
0.0634942163861274	0.367015995395447	0.335	0.269	1	chr17-75556711-75560476	2
0.0642456820161918	0.361208872821441	0.284	0.216	1	chr1-151830493-151833389	2
0.0647260369708986	0.457390772535327	0.27	0.216	1	chr6-27892124-27895964	2
0.0648967074928811	0.428565199662678	0.295	0.227	1	chr12-93569298-93572309	2
0.0651760673216459	0.514074238264379	0.216	0.163	1	chr20-542909-544534	2
0.0653719342326765	0.515397103624548	0.205	0.152	1	chr3-45966944-45968982	2
0.065416249204905	0.488514685647185	0.259	0.208	1	chr1-111738116-111740204	2
0.0655692988773997	0.372103416208203	0.291	0.231	1	chr2-88015585-88017808	2
0.0656267546971409	0.385174817515313	0.317	0.246	1	chr11-61488142-61490805	2
0.0656510993067399	0.520180289785631	0.216	0.155	1	chr10-59708914-59710730	2
0.0662706428164548	0.403767754506098	0.317	0.258	1	chr14-20454016-20456216	2
0.0666687586557814	0.40951478503859	0.317	0.269	1	chr10-68987068-68989788	2
0.0666782875396384	0.458600180482368	0.241	0.182	1	chr16-9364451-9366131	2
0.0667184926493471	0.588230960977078	0.201	0.152	1	chr12-130870574-130873308	2
0.0667285056761046	0.30099900999508	0.399	0.341	1	chr1-202860382-202862488	2
0.0673172026880653	0.280393421126417	0.511	0.462	1	chr1-193058128-193061424	2
0.0673176769554649	0.350213851592692	0.338	0.28	1	chr6-42928441-42930777	2
0.0675468869153225	0.423038842440413	0.288	0.223	1	chr10-119078537-119081995	2
0.0677155807237095	0.598468672726844	0.205	0.155	1	chr22-18055752-18058365	2
0.0681451458539016	0.509575147227833	0.201	0.14	1	chr6-43798472-43801211	2
0.0685217779570834	0.366102340387146	0.36	0.299	1	chr12-79933261-79936124	2
0.0689517977536954	0.553033958954469	0.223	0.17	1	chr5-179912131-179914776	2
0.0690866198019823	0.447956363071473	0.266	0.205	1	chr7-74635223-74636748	2
0.0693955158087734	0.533482595096161	0.205	0.148	1	chr18-267235-269319	2
0.0703431902445703	0.52141080211143	0.212	0.159	1	chr19-13033610-13037562	2
0.0703537327799192	0.420113930489617	0.313	0.265	1	chr1-3856143-3858951	2
0.0709452742017963	0.478449891656237	0.234	0.178	1	chr3-15323240-15326832	2
0.071211565990996	0.446337143640998	0.205	0.144	1	chr7-100022338-100024496	2
0.0713969459103834	0.494298489303715	0.223	0.17	1	chr1-235082973-235084570	2
0.071769032721022	0.541168630712613	0.201	0.152	1	chr6-138104607-138108203	2
0.0719934191369273	0.515235419111853	0.212	0.167	1	chr17-67376767-67379489	2
0.0725941529116039	0.463139906531605	0.263	0.208	1	chr4-109702057-109704687	2
0.0728040051189275	0.465887683633406	0.281	0.235	1	chr16-84013511-84014885	2
0.0741118036614227	0.475827709136292	0.23	0.17	1	chr6-42983706-42985570	2
0.0746847712648427	0.506843210596778	0.223	0.178	1	chr10-132064420-132067481	2
0.0751783213032143	0.286973534276196	0.381	0.322	1	chr10-26857828-26861697	2
0.0765616837507885	0.409184707155838	0.291	0.242	1	chr21-16317855-16320511	2
0.0767197989528728	0.365608635991638	0.295	0.227	1	chr19-32404617-32408203	2
0.0771913414769856	0.250445542636498	0.446	0.394	1	chr14-45133465-45136804	2
0.0778963304192757	0.506180082813082	0.234	0.186	1	chr6-71419507-71421629	2
0.079161661029912	0.470386890982291	0.223	0.17	1	chr1-228902652-228904231	2
0.0792317498115541	0.492857843474423	0.212	0.159	1	chr20-56357833-56360901	2
0.0793328884970459	0.47560776421961	0.23	0.17	1	chr22-36480944-36482447	2
0.0795428393817641	0.280616140048198	0.421	0.367	1	chr1-183469798-183473562	2
0.0798268598301727	0.430355032710697	0.27	0.216	1	chr1-161116976-161120425	2
0.0800264478045238	0.43446653299322	0.201	0.14	1	chr21-32611082-32613877	2
0.0800641792359051	0.482385573168291	0.212	0.159	1	chr1-226675154-226678090	2
0.0805306590615814	0.32407680455645	0.36	0.303	1	chr3-160398387-160402539	2
0.0805779031284515	0.368761675310239	0.291	0.223	1	chr20-50019160-50020672	2
0.0806646623415517	0.398834467318086	0.327	0.292	1	chr12-120228037-120232589	2
0.0811127464410507	0.300019603070784	0.399	0.367	1	chr3-27482540-27485413	2
0.0813261659641507	0.484998114458457	0.212	0.159	1	chr4-85474511-85475803	2
0.0816937016741119	0.424826436018257	0.266	0.208	1	chr12-108559657-108564123	2
0.0817044438056748	0.503810763593168	0.205	0.152	1	chr8-58065537-58068548	2
0.0826563700142397	0.386118291868022	0.342	0.295	1	chr10-112360339-112363529	2
0.082942395277421	0.470854732729894	0.277	0.231	1	chr8-98043887-98047089	2
0.0841431703956501	0.428034950883357	0.227	0.174	1	chr7-129610759-129613400	2
0.0848429209370781	0.320366746463546	0.327	0.265	1	chr5-123511341-123513651	2
0.0859062903742039	0.406075795690672	0.277	0.216	1	chr6-80003580-80005278	2
0.0859981675285555	0.458218750969257	0.237	0.178	1	chr7-128229336-128232035	2
0.0863703883933156	0.375245987194024	0.273	0.22	1	chr4-88522541-88524687	2
0.0863866254737283	0.394327951419143	0.299	0.242	1	chr5-141968468-141970974	2
0.0865370434924717	0.473262964793298	0.209	0.155	1	chr17-60077582-60080045	2
0.086559897504886	0.347070443445923	0.374	0.322	1	chr6-166625198-166628967	2
0.0868335737156422	0.474612949788914	0.212	0.159	1	chr10-125083222-125086203	2
0.0869478351921027	0.463563402582692	0.259	0.212	1	chr6-144094577-144096451	2
0.0869828607818001	0.386284905142009	0.302	0.246	1	chr8-33484353-33486443	2
0.0870280418197435	0.360999621888391	0.273	0.223	1	chr6-111550983-111553636	2
0.0892324998409415	0.263630066918464	0.435	0.383	1	chr8-101577419-101585046	2
0.08966959243714	0.523183044032613	0.216	0.17	1	chr1-182788503-182790425	2
0.0897925934731628	0.383690232365293	0.313	0.258	1	chr12-98592604-98596078	2
0.090102129738159	0.35115744483337	0.291	0.227	1	chr2-88690697-88692919	2
0.0901813961399203	0.414010457183416	0.299	0.25	1	chr4-65240884-65243060	2
0.0921345459329597	0.297091898010533	0.356	0.284	1	chr12-116736016-116738851	2
0.0925439894657608	0.463744903435736	0.216	0.163	1	chr14-55101801-55104072	2
0.0928460998410905	0.37281690569098	0.237	0.178	1	chr6-4133354-4136886	2
0.0931945839345119	0.3715221273455	0.281	0.223	1	chr16-4270675-4274289	2
0.0937623610274474	0.377795225249468	0.277	0.22	1	chr5-150485021-150489577	2
0.0940096365588662	0.478081134545628	0.212	0.163	1	chr8-100416241-100418268	2
0.0941211759108484	0.46378874727562	0.209	0.155	1	chr10-32103755-32106683	2
0.0941462119051519	0.426015341508102	0.27	0.223	1	chr6-75242352-75244784	2
0.0942174505867818	0.401613850587154	0.273	0.22	1	chr2-17752774-17755148	2
0.0949807999447774	0.402877051675546	0.227	0.17	1	chr17-17691678-17696077	2
0.0967513209510425	0.372499811374922	0.281	0.223	1	chr5-60698343-60701100	2
0.0970037223260687	0.385650172445814	0.259	0.205	1	chr8-33565935-33567901	2
0.0984941722653452	0.368465294295646	0.302	0.254	1	chr1-226478575-226481745	2
0.0989752350046018	0.44954110644736	0.237	0.189	1	chr6-143449546-143451677	2
0.101359372671027	0.400220023729657	0.241	0.189	1	chr1-154557298-154560123	2
0.101600121854857	0.379080889907677	0.266	0.216	1	chr8-56072982-56075437	2
0.102742212284635	0.3441418855721	0.284	0.223	1	chr1-119711489-119714939	2
0.102854315115984	0.376144221728089	0.263	0.216	1	chr1-184050586-184052749	2
0.103629504361316	0.374705725866474	0.27	0.208	1	chr1-112953719-112957168	2
0.105007541269682	0.346265889730788	0.306	0.254	1	chr21-25733269-25736822	2
0.105427827060011	0.444923143189204	0.212	0.163	1	chr6-170583713-170585839	2
0.105605590974525	0.450138836027623	0.219	0.17	1	chr8-28493108-28495446	2
0.10571589787002	0.427385169179386	0.255	0.216	1	chr8-72778452-72779600	2
0.105890227324038	0.405355118431644	0.237	0.189	1	chr6-83192416-83195917	2
0.106085872788138	0.435728123332351	0.227	0.182	1	chr7-55324809-55326683	2
0.106715118962898	0.396849935474022	0.237	0.193	1	chr6-143842594-143844329	2
0.106969059911554	0.308496544811448	0.417	0.394	1	chr6-159788284-159791631	2
0.106978335689991	0.446849658750097	0.219	0.17	1	chr1-235078548-235080508	2
0.10813270072577	0.28150096903464	0.41	0.356	1	chr3-113744686-113748079	2
0.110215695089944	0.4101952116908	0.252	0.205	1	chr17-66661079-66663767	2
0.111014907975717	0.331894855912488	0.288	0.227	1	chr5-115840905-115843371	2
0.111285456644307	0.377409404721477	0.248	0.201	1	chr22-29342232-29344859	2
0.112052322900273	0.478985306581564	0.259	0.22	1	chr1-206711904-206715594	2
0.112344302920772	0.475859851226104	0.263	0.223	1	chr6-79233308-79235306	2
0.112403201558021	0.43668279801895	0.223	0.174	1	chr1-203006304-203008753	2
0.112992934986962	0.385506326394206	0.245	0.193	1	chr12-69738194-69740457	2
0.113112274525215	0.395946611526735	0.248	0.193	1	chr1-231527720-231529353	2
0.113217798895051	0.364303970918167	0.309	0.269	1	chr8-38230559-38233241	2
0.11323838097505	0.38416347296046	0.263	0.22	1	chr6-166997456-167000072	2
0.113288087899895	0.32512521024953	0.342	0.295	1	chr1-206520082-206522539	2
0.114328721838894	0.279148397141945	0.406	0.352	1	chr5-141848268-141850695	2
0.114423794038685	0.40299818119647	0.219	0.167	1	chr14-75983960-75986774	2
0.114428640552931	0.381223170334402	0.23	0.182	1	chr16-30444703-30446576	2
0.114652011247534	0.330929318826743	0.306	0.258	1	chr2-96856617-96859112	2
0.115810174787864	0.400673518612305	0.309	0.273	1	chr6-116277931-116281048	2
0.116008748388481	0.313563064097645	0.309	0.254	1	chr6-135496872-135499086	2
0.11716740108647	0.389776010326184	0.259	0.216	1	chr12-110500798-110502751	2
0.118189548603688	0.347707748581205	0.309	0.254	1	chr5-43513996-43516107	2
0.118229419868522	0.284592657955109	0.302	0.246	1	chr11-62241543-62242900	2
0.118753115622166	0.463835750094316	0.205	0.159	1	chr2-156435336-156437582	2
0.119152592085683	0.431747778209383	0.266	0.227	1	chr6-125985348-125987602	2
0.120597363241472	0.310982264725039	0.281	0.223	1	chr16-30774657-30779335	2
0.120712554005209	0.412505178823842	0.252	0.22	1	chr12-118135275-118137442	2
0.121720045585294	0.407164537965248	0.216	0.17	1	chr1-205274743-205275866	2
0.121805644231494	0.439324628052102	0.209	0.159	1	chr17-59963753-59965519	2
0.121848538789107	0.416042822924706	0.212	0.167	1	chr12-110613356-110614866	2
0.121942702793777	0.336882363357893	0.291	0.242	1	chr5-154037912-154039677	2
0.124144052129814	0.311119459201662	0.371	0.348	1	chr2-200810032-200813270	2
0.124635204296222	0.321617651226523	0.327	0.284	1	chr1-222710299-222714469	2
0.125541240718538	0.371316346819295	0.266	0.216	1	chr2-219251655-219254799	2
0.126842698359688	0.352073271175997	0.299	0.25	1	chr12-122224738-122226954	2
0.127374844198722	0.453247050060174	0.209	0.167	1	chr12-110449348-110450870	2
0.127537257952272	0.449848484412451	0.252	0.212	1	chr16-4691159-4697236	2
0.128365210564795	0.366576140296017	0.277	0.231	1	chr11-32583044-32585522	2
0.128634361340067	0.275320602628377	0.385	0.33	1	chr14-57609142-57612709	2
0.129254628375074	0.382492149460589	0.241	0.193	1	chr12-45215154-45218311	2
0.129568729840508	0.420745871947126	0.27	0.227	1	chr22-46035282-46039795	2
0.129605555160472	0.405565884497219	0.23	0.193	1	chr12-88552216-88554809	2
0.129821642524137	0.36403795071068	0.241	0.197	1	chr12-124719965-124721379	2
0.130485025204902	0.427159249753792	0.212	0.167	1	chr4-47462435-47464184	2
0.130579457168836	0.302634238127812	0.388	0.352	1	chr3-155869404-155872531	2
0.131280410224964	0.353501837066412	0.241	0.186	1	chrX-129651895-129656310	2
0.131578695648111	0.375669622221161	0.205	0.159	1	chr17-8209752-8211522	2
0.132255413832931	0.369549144206801	0.245	0.189	1	chr6-82246292-82248838	2
0.132774369586209	0.318318781430713	0.331	0.295	1	chr4-76896728-76899625	2
0.133266336497874	0.316218868313594	0.32	0.28	1	chr20-56391027-56394185	2
0.133540144414661	0.345177123284834	0.302	0.265	1	chr5-32329070-32332344	2
0.133773309970879	0.369032388277713	0.248	0.201	1	chr8-94474422-94475997	2
0.13393289212837	0.41670802525189	0.234	0.189	1	chr2-144331238-144333333	2
0.134205794298135	0.298837193387251	0.291	0.242	1	chr1-108691203-108693827	2
0.134904168852858	0.386302588950585	0.259	0.212	1	chr6-99519816-99522357	2
0.135435700531365	0.380327000496326	0.237	0.189	1	chr16-28862373-28864890	2
0.135503111365505	0.380214232277326	0.252	0.212	1	chr1-100265405-100267390	2
0.135571416020081	0.438957913781316	0.205	0.163	1	chr21-37365372-37368899	2
0.135943135251227	0.400409936939667	0.216	0.174	1	chr12-115871206-115873911	2
0.13670710007388	0.351588270285251	0.241	0.193	1	chr7-151917528-151919255	2
0.137086475409063	0.428755306833394	0.201	0.155	1	chr7-150900769-150904705	2
0.137768139024733	0.449818192334945	0.219	0.182	1	chr3-54353376-54357742	2
0.139897049761096	0.376443615594105	0.237	0.189	1	chr6-52419670-52421299	2
0.140136339969297	0.347631790199936	0.284	0.246	1	chr1-75723252-75726507	2
0.142354647596248	0.296632464178842	0.299	0.254	1	chr19-18635826-18638626	2
0.14258598190658	0.341855483571014	0.237	0.189	1	chr22-30590726-30592728	2
0.14285155494061	0.330842499762609	0.295	0.25	1	chr3-128333986-128336577	2
0.142873646391299	0.325263857109631	0.363	0.333	1	chr12-89705919-89710858	2
0.143373337760012	0.332645676025706	0.277	0.235	1	chr12-102119159-102121794	2
0.143388998383153	0.449581100845644	0.205	0.163	1	chr3-72847245-72849147	2
0.143397002012696	0.263967869795199	0.396	0.352	1	chr6-26122399-26126867	2
0.14430394855578	0.300239509647844	0.36	0.322	1	chr11-61361070-61363009	2
0.145585341097465	0.362625630367086	0.263	0.216	1	chr1-100036964-100039621	2
0.145891357873919	0.334857116502263	0.245	0.193	1	chr4-54144306-54146925	2
0.146999722515381	0.369297124302871	0.223	0.174	1	chr17-80277367-80280452	2
0.147152460777986	0.366157421908808	0.266	0.22	1	chr5-154937027-154938845	2
0.147911122981446	0.289354821188367	0.342	0.295	1	chr1-182389326-182392642	2
0.148106341819594	0.419795319516438	0.205	0.163	1	chr6-119347663-119351334	2
0.148132078112347	0.408288535698538	0.241	0.201	1	chr22-50620089-50623618	2
0.148239746174589	0.320008336952261	0.263	0.216	1	chr3-100334068-100335883	2
0.148662809462441	0.296669917167997	0.237	0.186	1	chr16-68263741-68266202	2
0.148872845366258	0.350782999212862	0.219	0.178	1	chr1-44739101-44740615	2
0.149160209634807	0.459930722392278	0.205	0.167	1	chr8-53842294-53844116	2
0.149264358920002	0.424580146298723	0.201	0.159	1	chr17-48053253-48056193	2
0.149549985605833	0.40643224010999	0.201	0.163	1	chr16-28291439-28293657	2
0.149701811113089	0.389379629618164	0.263	0.22	1	chr1-229557424-229559802	2
0.149841148849542	0.380798175937813	0.245	0.201	1	chr6-107458177-107460435	2
0.149916538145075	0.402430252622912	0.263	0.223	1	chr5-149580808-149584159	2
0.150162824916604	0.303942223026847	0.313	0.277	1	chr6-159760989-159763244	2
0.150235813417103	0.330218698627014	0.277	0.227	1	chr10-5465758-5467523	2
0.150597014123442	0.30341633283374	0.306	0.265	1	chr2-189783158-189785717	2
0.150623420723803	0.339845158984603	0.255	0.212	1	chr21-28990915-28993509	2
0.151969537000695	0.298590297216978	0.299	0.273	1	chr15-63500566-63507079	2
0.152395404135628	0.371768563579287	0.259	0.22	1	chr1-23554320-23560086	2
0.153171091449075	0.397964543739403	0.306	0.269	1	chr3-94062058-94064292	2
0.153820410964915	0.41850616800972	0.241	0.205	1	chr12-113184298-113186543	2
0.154133374388554	0.338572796682324	0.241	0.193	1	chr4-147682646-147684919	2
0.154411688254528	0.283945789906629	0.291	0.242	1	chr7-151551900-151553498	2
0.155630124037751	0.391066342418362	0.209	0.167	1	chr8-95132948-95135130	2
0.156573548462235	0.440931995611213	0.201	0.163	1	chr4-26204341-26205658	2
0.15771592649995	0.412319195245227	0.209	0.17	1	chr1-180125992-180128492	2
0.159011102826629	0.332673435418358	0.263	0.216	1	chr20-45933229-45936084	2
0.159883698019832	0.276736049275379	0.306	0.261	1	chr11-44584066-44585837	2
0.160202055459327	0.282580548930543	0.327	0.288	1	chr3-111978391-111980044	2
0.160242556376699	0.315380879066412	0.284	0.239	1	chr14-93004896-93007721	2
0.160390876172792	0.323166241717573	0.313	0.269	1	chr3-33095339-33098005	2
0.160560243908233	0.305918354661497	0.331	0.295	1	chr8-55771334-55775338	2
0.161135822776214	0.2920871322571	0.324	0.284	1	chr6-116100057-116102175	2
0.16202744857159	0.399792922272281	0.227	0.186	1	chr4-83454541-83456593	2
0.162279582843306	0.285056096810747	0.36	0.337	1	chr6-109380933-109385444	2
0.162962940759746	0.293685243487088	0.32	0.273	1	chr12-12723470-12727038	2
0.163036956776674	0.272981587382411	0.342	0.299	1	chr17-78171277-78177740	2
0.163351904414381	0.378382708051614	0.201	0.159	1	chr9-117399732-117402297	2
0.163598604166912	0.348968863787579	0.227	0.182	1	chr12-2890079-2891917	2
0.165576471411519	0.300080436183734	0.327	0.292	1	chr3-152268052-152270842	2
0.165611056654106	0.361919300117754	0.245	0.205	1	chr20-62385515-62391808	2
0.16580615094313	0.427453971449485	0.209	0.174	1	chr1-223711886-223713484	2
0.166657830319409	0.330690902141622	0.23	0.186	1	chr16-73052207-73059556	2
0.166818597670878	0.361903978586864	0.216	0.174	1	chr21-16328647-16336001	2
0.167593854552854	0.38142630588732	0.201	0.155	1	chr1-168121206-168122720	2
0.167766753149692	0.255360047409582	0.388	0.345	1	chr6-43626824-43630713	2
0.169056717097479	0.364388369432858	0.248	0.216	1	chr12-8948584-8951311	2
0.169113222680505	0.316174427709212	0.248	0.205	1	chr2-95525407-95527705	2
0.169251912087623	0.301757496138823	0.266	0.22	1	chr10-132161883-132164232	2
0.170625757771691	0.352207670052606	0.248	0.205	1	chr7-17939010-17941652	2
0.171588198818986	0.297040988742844	0.284	0.242	1	chr3-142223964-142226095	2
0.171875455231178	0.312701337497702	0.277	0.242	1	chr5-65562524-65564930	2
0.173393722665054	0.305685492870357	0.356	0.314	1	chr10-43405876-43410235	2
0.17368458198477	0.271718110277487	0.331	0.292	1	chr10-109647427-109651142	2
0.174030362250365	0.28894261977869	0.353	0.322	1	chr6-136288040-136291360	2
0.174742854517169	0.343084135457005	0.234	0.186	1	chr10-31927056-31930472	2
0.174958169513567	0.345771209509215	0.234	0.193	1	chr3-50225786-50228699	2
0.177958003607901	0.293688891003671	0.255	0.208	1	chr14-20989428-20991026	2
0.1785926463614	0.344381856752951	0.263	0.223	1	chr17-30599334-30601675	2
0.178799578854087	0.31866913645565	0.309	0.269	1	chr12-6492679-6494811	2
0.179618436892726	0.341691459888758	0.295	0.269	1	chr12-75510703-75512272	2
0.179817557669202	0.363398126906945	0.237	0.201	1	chr4-25375965-25378342	2
0.17993710706755	0.388677749423949	0.201	0.163	1	chr1-184024648-184025955	2
0.18057727530574	0.315196798294024	0.302	0.277	1	chr4-37825331-37829119	2
0.181262942483024	0.411796468020775	0.201	0.163	1	chr4-189939995-189941547	2
0.181373386893153	0.330067536959551	0.219	0.178	1	chr4-153344125-153346189	2
0.182094708277617	0.337563229256746	0.227	0.189	1	chr1-28235499-28237281	2
0.183502505512675	0.286606382812126	0.313	0.277	1	chr14-23006245-23007732	2
0.183983165162676	0.34121199629539	0.205	0.167	1	chr5-126874831-126875996	2
0.184915530191143	0.420031774771295	0.205	0.17	1	chr7-158827817-158830604	2
0.185758497700289	0.36195224415713	0.227	0.193	1	chr1-84297097-84303766	2
0.186449218104169	0.30505439025729	0.245	0.205	1	chr1-86104669-86105918	2
0.186752753029526	0.288282526181213	0.255	0.205	1	chr3-126474339-126477440	2
0.187505097974518	0.307097067056867	0.277	0.239	1	chr8-102685133-102686654	2
0.188293598927168	0.27044089480614	0.371	0.36	1	chr5-159207429-159210917	2
0.188386656810594	0.318421598012545	0.237	0.193	1	chr11-62669173-62672940	2
0.188560687170723	0.367142598577299	0.205	0.163	1	chr17-68246942-68248881	2
0.190236181339917	0.258026284677506	0.324	0.295	1	chr1-227786071-227789243	2
0.190373942502795	0.365382055538288	0.212	0.182	1	chr21-36319589-36322331	2
0.190676938692073	0.376767644903511	0.219	0.182	1	chr2-101251399-101254515	2
0.190939646275917	0.34130239679823	0.223	0.182	1	chr3-40086996-40089931	2
0.191247169292874	0.283441364346206	0.317	0.288	1	chr16-89559344-89566732	2
0.191475125171198	0.298421591621673	0.223	0.178	1	chr2-55231336-55233878	2
0.192499241200178	0.284994351618592	0.263	0.227	1	chrY-6907915-6911960	2
0.193147561904299	0.340446109561046	0.252	0.216	1	chr7-48088166-48090000	2
0.194377308497857	0.332254567572581	0.263	0.223	1	chr12-119876548-119877972	2
0.19479858441817	0.384842901169843	0.212	0.178	1	chr4-151098886-151100939	2
0.195232511575137	0.341324654064336	0.219	0.182	1	chr1-7571949-7575158	2
0.196210843317893	0.35381137892746	0.227	0.193	1	chr5-77355108-77357536	2
0.196290155739933	0.267617257056113	0.374	0.348	1	chr1-84689253-84691865	2
0.198184133651921	0.391557747428297	0.205	0.17	1	chr1-11058334-11062058	2
0.199508234395991	0.257467110627621	0.367	0.33	1	chr10-30432834-30439157	2
0.201296721390102	0.344457420530541	0.241	0.205	1	chr12-94458521-94461100	2
0.202099244315508	0.273971559167093	0.317	0.273	1	chr2-25877254-25879551	2
0.20313992837995	0.307480685521241	0.252	0.208	1	chrX-15492415-15494081	2
0.204263491786249	0.309212810035175	0.273	0.242	1	chr14-92039143-92041598	2
0.206022612212103	0.299044786293108	0.245	0.212	1	chr17-45246858-45249098	2
0.207100659036934	0.329301647704742	0.23	0.193	1	chr5-122844216-122848140	2
0.207366512458399	0.360643382417193	0.209	0.174	1	chr10-48287276-48288930	2
0.208616884897049	0.396379523517835	0.223	0.197	1	chr3-194852731-194855546	2
0.20911829970516	0.282475364342945	0.281	0.246	1	chr2-42132419-42134003	2
0.209240982004307	0.34528885493984	0.212	0.174	1	chr21-15729168-15733079	2
0.209242993397499	0.371511897109713	0.209	0.174	1	chr3-12483364-12485828	2
0.209818324462868	0.25770747415524	0.345	0.314	1	chr3-142577594-142579927	2
0.209818625648868	0.323008159266287	0.212	0.174	1	chr16-30609191-30610955	2
0.210436591486488	0.274477036255366	0.245	0.208	1	chr14-52706323-52708076	2
0.210540415960583	0.25598909645128	0.241	0.201	1	chr7-66843824-66845966	2
0.211722739056074	0.32108617235417	0.252	0.216	1	chr5-154700538-154702273	2
0.211728913038909	0.344748600634951	0.216	0.182	1	chr1-15833010-15836670	2
0.213245529306597	0.315986734005811	0.234	0.189	1	chr2-237730289-237736165	2
0.213316026516665	0.330457468158866	0.219	0.178	1	chr7-103148212-103150127	2
0.215127617910587	0.313897961287463	0.27	0.235	1	chr8-104588048-104590744	2
0.215490858329997	0.305076439994406	0.245	0.205	1	chr4-87421891-87424151	2
0.215839477341135	0.28610794398969	0.255	0.223	1	chr3-63911442-63915108	2
0.216081768428601	0.307898511912995	0.23	0.193	1	chr16-88808843-88813198	2
0.217829120272173	0.316178696627832	0.227	0.186	1	chr11-90221321-90223997	2
0.218003780993319	0.279847228539331	0.245	0.205	1	chr10-96089416-96090687	2
0.220255096923863	0.300129870128049	0.241	0.208	1	chr12-6870872-6874268	2
0.220354572271986	0.313338576337512	0.216	0.174	1	chr2-196290645-196292681	2
0.221119509670008	0.300996649882436	0.245	0.212	1	chr10-12041369-12043680	2
0.221965157390802	0.270696959297181	0.248	0.208	1	chr1-202045716-202047732	2
0.222135618633843	0.323073585091403	0.252	0.22	1	chr12-26831197-26834129	2
0.222164823924868	0.327768913850501	0.219	0.182	1	chr4-176318418-176321475	2
0.223766969055845	0.324783794340884	0.216	0.182	1	chr8-8891633-8894244	2
0.224012659937826	0.363750361939649	0.205	0.17	1	chr6-134173873-134176210	2
0.224804291326928	0.307077903708665	0.255	0.223	1	chr14-29819912-29823270	2
0.226079927144417	0.355609727242634	0.23	0.201	1	chr7-6015463-6016740	2
0.226927102744578	0.293809493851391	0.216	0.182	1	chr16-46972185-46974732	2
0.227434696098194	0.283634174678127	0.277	0.246	1	chr7-122885431-122887881	2
0.227839279596614	0.358795384377301	0.23	0.201	1	chr16-28845093-28847326	2
0.228044408410403	0.267805547450238	0.327	0.292	1	chr7-33128635-33130414	2
0.228687464771918	0.290714709133143	0.209	0.174	1	chr12-57771202-57773506	2
0.228855977657401	0.347701870977965	0.201	0.163	1	chr3-138725972-138728689	2
0.229740274305983	0.325059205010119	0.255	0.223	1	chr3-182792537-182796042	2
0.230236897852735	0.322004566604198	0.219	0.193	1	chr11-73787111-73789210	2
0.230687668906414	0.296516949144888	0.234	0.201	1	chr6-108155351-108157305	2
0.231589264132982	0.312691719965104	0.277	0.258	1	chr3-132416599-132419011	2
0.232977665768823	0.317627912547538	0.201	0.163	1	chr1-54370140-54372569	2
0.233407968409865	0.280634559074197	0.277	0.235	1	chr11-61693826-61697423	2
0.233434777876362	0.287329678336033	0.209	0.17	1	chr9-128549749-128553633	2
0.233474857778356	0.32764501406103	0.23	0.201	1	chr6-157322757-157324407	2
0.233920651313445	0.360615886069515	0.212	0.178	1	chr3-138173591-138175194	2
0.234239421065388	0.289673227093378	0.313	0.288	1	chr1-176205353-176208581	2
0.234881772081051	0.308177184831733	0.227	0.189	1	chr6-31540986-31543089	2
0.236835367048706	0.345791650073015	0.205	0.17	1	chr4-68904466-68906911	2
0.236843792968533	0.256261571132388	0.255	0.216	1	chr4-183442896-183445789	2
0.237493735907648	0.253251273138922	0.27	0.231	1	chr10-42781831-42783742	2
0.237520761880379	0.354748297590318	0.209	0.182	1	chr12-53674993-53676683	2
0.24131343178393	0.269993543042588	0.291	0.265	1	chr14-35341078-35342957	2
0.242175365087948	0.268727336643092	0.245	0.205	1	chr15-34366096-34368295	2
0.243327690494926	0.330447618479399	0.227	0.201	1	chr7-23105023-23107710	2
0.243689441491594	0.279994459142732	0.245	0.205	1	chr12-122870577-122873643	2
0.244040467831834	0.306225907821439	0.237	0.208	1	chr1-180113456-180115643	2
0.244407635645696	0.378833459609914	0.234	0.205	1	chr19-55639003-55644767	2
0.245973004094398	0.279550733648144	0.241	0.208	1	chr21-43928313-43930619	2
0.246320817128393	0.281884230813003	0.201	0.163	1	chr14-89654032-89655895	2
0.246765247691158	0.254688687753441	0.288	0.246	1	chr20-36480007-36482813	2
0.249138522753397	0.29263544162691	0.259	0.231	1	chr1-61724206-61725880	2
0.249287774159952	0.284724082275837	0.259	0.231	1	chrY-19566574-19568359	2
0.249501060321032	0.253134917891335	0.288	0.25	1	chr12-6752064-6754312	2
0.249799334957119	0.269369382688287	0.248	0.208	1	chr7-20329186-20331370	2
0.25023364564505	0.262241564417983	0.295	0.269	1	chr5-94617511-94619560	2
0.250664385581805	0.296547176866397	0.281	0.25	1	chr8-143595731-143602764	2
0.25151581227887	0.357898823807394	0.209	0.178	1	chr10-70144745-70147567	2
0.253359341659302	0.254772058916985	0.23	0.197	1	chr3-40523631-40525855	2
0.253666956470451	0.254181179237691	0.299	0.265	1	chr18-57620890-57622603	2
0.254821891596319	0.307523265243338	0.219	0.186	1	chrX-118726660-118728506	2
0.254962109257032	0.278056009536521	0.227	0.193	1	chr14-24309755-24312302	2
0.255522030755106	0.262539930553027	0.245	0.212	1	chr8-96493111-96495971	2
0.255587409212724	0.251975545674276	0.302	0.277	1	chr3-133458938-133461177	2
0.257142776755562	0.27710727760503	0.241	0.208	1	chr10-16436219-16438023	2
0.259465109813728	0.287241934351562	0.248	0.212	1	chr12-125633378-125635807	2
0.25977597729514	0.297992205402064	0.212	0.178	1	chr2-61763501-61765012	2
0.260249456020408	0.31241332541653	0.241	0.205	1	chr10-104328341-104332875	2
0.260604966015721	0.336643369413944	0.219	0.189	1	chr2-27320788-27324297	2
0.260604966015721	0.322463283197672	0.219	0.189	1	chr2-37230334-37232912	2
0.260924665332255	0.267149170163485	0.295	0.269	1	chr1-204409135-204412726	2
0.261176976559101	0.275837033590648	0.245	0.212	1	chr5-132253708-132255546	2
0.262414633764657	0.283117014609559	0.209	0.174	1	chr5-33549622-33550781	2
0.262471671214263	0.280945073214489	0.205	0.17	1	chr17-51258948-51261811	2
0.263225640260656	0.348324040876404	0.216	0.189	1	chrX-20140961-20142453	2
0.265134972492474	0.292016602545977	0.245	0.208	1	chr17-1480383-1483032	2
0.265698273194651	0.252269364511519	0.259	0.227	1	chr19-18760966-18764705	2
0.265922615146143	0.288901320505661	0.223	0.189	1	chr10-91908123-91909799	2
0.266101416998487	0.295995310527725	0.216	0.178	1	chr6-37514557-37517991	2
0.266454116340245	0.313758006826932	0.201	0.17	1	chr3-15101598-15103610	2
0.266461518874744	0.253178822219287	0.281	0.246	1	chr19-1256549-1263050	2
0.266713536626527	0.275603241619104	0.263	0.227	1	chr4-24581839-24585185	2
0.266728910070258	0.264288970838874	0.23	0.201	1	chr8-19312323-19314846	2
0.267963700770478	0.307229103460198	0.234	0.201	1	chr16-87852952-87856896	2
0.268909947585364	0.311394501591409	0.255	0.235	1	chr8-58657606-58660903	2
0.269126039729492	0.279719772965058	0.263	0.231	1	chr1-197200162-197202446	2
0.269259867072167	0.282624329233709	0.27	0.239	1	chr14-105465424-105469880	2
0.269714688389895	0.323224086422309	0.209	0.178	1	chr14-52694592-52696298	2
0.271255118669446	0.293396725839288	0.205	0.174	1	chr14-92120865-92123177	2
0.272862909751041	0.266012720943527	0.263	0.227	1	chr14-67694242-67697641	2
0.274036624008775	0.294723025985575	0.216	0.186	1	chr11-62760942-62762511	2
0.274284502389288	0.250998287545406	0.291	0.265	1	chr7-95608284-95610385	2
0.274711874096927	0.264178972373117	0.219	0.189	1	chr3-52470871-52472730	2
0.276427578744125	0.372441682843101	0.201	0.174	1	chr2-240996042-240999889	2
0.278183902775257	0.29395268962535	0.216	0.186	1	chr12-57086836-57089566	2
0.27839208589947	0.327656984669904	0.23	0.201	1	chr14-75577405-75580273	2
0.280538369227909	0.268626815185192	0.227	0.201	1	chr16-67197468-67200529	2
0.280849738712383	0.293705029893767	0.255	0.231	1	chr1-224203207-224206280	2
0.281605196944861	0.283714586618232	0.277	0.254	1	chr6-110178463-110181416	2
0.282104002958724	0.270418677452207	0.245	0.216	1	chr8-93739327-93741633	2
0.28464976318342	0.277912377446225	0.259	0.235	1	chr2-183078163-183079829	2
0.285254698752836	0.256538079515142	0.241	0.205	1	chr3-24286824-24289428	2
0.286380536034413	0.256261746992752	0.252	0.22	1	chr7-23469819-23471963	2
0.286827711620029	0.312236302760693	0.212	0.178	1	chr11-75399009-75401237	2
0.288680358202309	0.278228139870817	0.27	0.25	1	chr7-17557631-17559932	2
0.289012022740009	0.258040005568484	0.295	0.258	1	chr16-81076273-81077883	2
0.289601277368373	0.300907245071315	0.281	0.265	1	chr3-121228645-121233412	2
0.290757599739777	0.26593024440498	0.234	0.201	1	chr3-113513746-113516540	2
0.294211496837365	0.303978551981835	0.255	0.227	1	chr11-31508978-31510584	2
0.296645889982788	0.266110334650885	0.273	0.254	1	chr14-75175042-75177421	2
0.297252259459056	0.266305474134215	0.259	0.227	1	chr10-97290797-97293113	2
0.297749302186423	0.262082495446982	0.227	0.197	1	chr1-32393583-32395865	2
0.299820573262556	0.272497991725268	0.27	0.242	1	chr19-8512041-8514819	2
0.300557558623084	0.264778266291474	0.223	0.193	1	chr4-169268848-169271915	2
0.303132070869245	0.261151116351741	0.306	0.288	1	chr1-116372672-116378553	2
0.303369847426859	0.279833740883451	0.237	0.212	1	chr10-73572338-73578529	2
0.30445991464128	0.279662847681048	0.234	0.205	1	chr19-32691089-32694761	2
0.305259170133153	0.258104849130005	0.255	0.231	1	chr8-38175226-38178262	2
0.306733600767141	0.266648019496503	0.223	0.193	1	chr12-121753610-121755671	2
0.306975909005562	0.291683369403591	0.201	0.174	1	chr12-27022007-27023364	2
0.307118690630656	0.274061889677599	0.259	0.231	1	chr5-134002072-134006328	2
0.309153434990027	0.317540010478019	0.212	0.189	1	chr17-72683427-72684989	2
0.309224097509058	0.261501665293858	0.237	0.212	1	chr4-169611815-169613779	2
0.309268247371603	0.269670277144665	0.227	0.201	1	chr2-168246046-168248253	2
0.309392641085702	0.292523564150289	0.205	0.178	1	chr22-43088646-43090790	2
0.309440672702727	0.302734112062457	0.216	0.193	1	chr17-7613396-7615777	2
0.310873288514507	0.325379517104088	0.212	0.182	1	chr2-37924657-37926063	2
0.311706879378196	0.311641589062033	0.212	0.186	1	chr5-16615360-16617586	2
0.314011082327946	0.253498703436312	0.255	0.223	1	chr5-88140805-88142882	2
0.314539686608702	0.28755529964491	0.252	0.227	1	chr7-129501084-129503637	2
0.318869269260627	0.25936182741626	0.241	0.22	1	chr12-108730539-108732621	2
0.319292042135989	0.300391882255441	0.212	0.186	1	chr3-119676007-119678021	2
0.323619944413274	0.283773566761034	0.209	0.182	1	chr1-70220673-70222430	2
0.326090806375307	0.251274294566027	0.237	0.208	1	chr14-91415816-91419241	2
0.329451118338984	0.272288638418095	0.241	0.22	1	chr5-14010941-14012380	2
0.332633500245095	0.25734842063259	0.241	0.208	1	chrX-274855-277328	2
0.334230711186813	0.304967646359854	0.212	0.186	1	chr6-113969454-113972317	2
0.334966114185542	0.255278288255378	0.216	0.189	1	chr21-33324161-33326052	2
0.3363607626006	0.252708836305818	0.27	0.242	1	chr3-4302824-4304458	2
0.336466247691438	0.262971473387691	0.227	0.205	1	chr2-238059915-238062162	2
0.337441445029463	0.25895290690822	0.245	0.216	1	chr7-106111121-106113182	2
0.337559915549646	0.290805743291979	0.212	0.189	1	chr2-232549563-232551768	2
0.340917499732368	0.260674685449265	0.219	0.193	1	chr17-31486648-31490572	2
0.343570269831667	0.254055835522563	0.302	0.284	1	chr1-244859872-244865927	2
0.346499549468184	0.299879967928653	0.223	0.205	1	chr1-184386294-184389244	2
0.351586990103401	0.257262483354181	0.306	0.307	1	chr20-31603802-31607410	2
0.352415722758724	0.254986000056256	0.23	0.205	1	chr6-136563777-136566898	2
0.355969602364445	0.251774554446168	0.205	0.178	1	chr7-23530300-23532650	2
0.359837742511925	0.25528075628341	0.212	0.186	1	chr9-104746969-104749011	2
0.365510716222399	0.266385806623859	0.216	0.186	1	chr3-187738731-187741444	2
0.367345169166528	0.307985889527004	0.205	0.186	1	chr7-149261255-149263260	2
0.370557186451269	0.269182364862504	0.216	0.189	1	chr6-98946698-98948583	2
0.376725688936861	0.258095492418464	0.205	0.178	1	chr11-31369173-31370424	2
0.385508932534344	0.258017038478551	0.219	0.205	1	chr6-7389109-7390873	2
0.394461334844244	0.259693920517822	0.205	0.182	1	chr6-136821876-136823668	2
0.397116766099946	0.250369616143797	0.205	0.182	1	chr3-24828858-24830428	2
0.40843978006762	0.250421201741458	0.223	0.205	1	chr5-160922975-160924773	2
0.409100443917604	0.253553868533386	0.209	0.186	1	chr17-58082670-58085415	2
0.412144473852496	0.25866716434615	0.216	0.197	1	chr18-12059281-12060873	2
0.435188452184494	0.265345345562652	0.201	0.178	1	chr2-241091331-241095965	2
0.439631311866985	0.25745565407293	0.234	0.22	1	chr4-164956518-164957692	2
0.446600199707153	0.25466397498003	0.209	0.189	1	chr2-168454650-168458309	2
0.449162206588065	0.256587411163815	0.223	0.208	1	chr14-50829689-50831833	2
0.466874943560088	0.26360143501433	0.205	0.189	1	chr7-139230520-139232652	2
0.483472584221496	0.253021706570536	0.205	0.189	1	chr10-43573293-43575196	2
0.494222078913752	0.268475994340042	0.205	0.193	1	chr13-24160174-24163213	2
