p_val	avg_log2FC	pct.1	pct.2	p_val_adj	gene	cluster
6.03802100643765e-51	2.61905446512298	0.139	0.027	1.15503719040548e-45	chr1-169128528-169137890	1
4.68921746298539e-40	2.03708252030564	0.142	0.039	8.97019165364328e-35	chr16-64477837-64479311	1
4.40373956774187e-30	1.31591381116101	0.181	0.077	8.42408956871613e-25	chr9-26681634-26683727	1
2.31638774022361e-26	1.39085792120209	0.146	0.059	4.43111076378335e-21	chr5-51860319-51861268	1
1.02979187950405e-25	1.10234162955162	0.202	0.101	1.96993007797848e-20	chr9-116085945-116088222	1
2.05334008603572e-24	1.2791784311157	0.15	0.064	3.92791638418117e-19	chr5-35213377-35214827	1
9.77277931669833e-24	1.62652930116675	0.112	0.04	1.86947404660849e-18	chr18-45358716-45360310	1
1.06028656696093e-23	1.2579568877553	0.151	0.065	2.02826458540224e-18	chr10-110790022-110792103	1
8.24839246717941e-23	0.484480062286887	0.542	0.439	1.57786798861662e-17	chr1-169104657-169127526	1
1.3647399971747e-21	0.925890785093735	0.217	0.12	2.61066573019537e-16	chr3-139533751-139536030	1
7.65402901525526e-21	1.36678369373414	0.127	0.055	1.46416982644424e-15	chr11-36638226-36639667	1
1.23170801435875e-20	1.22475737079805	0.136	0.061	2.35618352898743e-15	chr7-51100443-51102257	1
2.42363478872494e-20	1.51050051853035	0.103	0.038	4.6362679327435e-15	chr15-81930659-81931837	1
1.68037419294687e-18	1.30495529278786	0.117	0.051	3.21445500865578e-13	chr20-22452313-22453663	1
5.47827137165029e-18	1.08860549654847	0.148	0.075	1.04796044376847e-12	chr18-27040710-27043477	1
5.77418576801771e-18	1.30456287355996	0.11	0.047	1.10456709230718e-12	chr4-57029839-57031428	1
1.19584325991297e-17	0.879501355091614	0.189	0.106	2.28757640561791e-12	chr3-5264730-5266082	1
1.57940974257365e-17	1.23328489674802	0.118	0.053	3.02131607295883e-12	chr4-26729161-26730862	1
4.10554831110102e-17	1.28889884442582	0.11	0.048	7.85366758623758e-12	chr1-51788726-51789802	1
5.73721159990484e-17	1.38306720814123	0.101	0.042	1.0974941557922e-11	chr1-102836690-102838672	1
1.00021439428053e-16	1.08331573542978	0.133	0.065	1.91335012339499e-11	chr8-3179581-3181412	1
1.12318753673806e-16	1.16157833730127	0.118	0.054	2.14859036652771e-11	chr1-69509542-69510551	1
3.11005253244379e-16	0.797807598570017	0.194	0.113	5.94934389141303e-11	chr3-188838869-188839840	1
4.79806451746824e-16	1.27434209037844	0.1	0.043	9.17840953804569e-11	chr3-105811793-105812802	1
2.2244429958206e-15	1.20727628107124	0.1	0.044	4.25522598442506e-10	chr21-37986491-37987685	1
3.69076518424945e-15	0.90475114515795	0.163	0.092	7.06021235155813e-10	chr9-19550132-19553824	1
2.16613449614538e-14	1.11893541129674	0.109	0.052	4.14368532305634e-09	chr7-47292608-47293709	1
2.25067997592461e-14	0.906921366370202	0.154	0.088	4.30541575314522e-09	chr3-102475716-102478966	1
3.16752686743736e-14	1.08349075987864	0.116	0.058	6.05928884579563e-09	chr5-93057279-93059532	1
3.32758575447498e-14	1.11087718556864	0.106	0.05	6.36547189316537e-09	chr9-122365827-122367015	1
6.06892620113109e-14	1.02792765090941	0.123	0.064	1.16094916871917e-08	chr1-150649347-150650828	1
9.76433084094144e-14	1.08807448641271	0.111	0.056	1.86785790388705e-08	chr4-65501656-65503053	1
2.84025579336872e-13	0.713886875662854	0.202	0.129	5.43323891736676e-08	chr14-38866039-38870081	1
5.11032561143904e-13	0.641542448054854	0.232	0.157	9.77574627514619e-08	chr11-17810596-17814205	1
5.62415911281876e-13	0.976890767144813	0.118	0.062	1.07586789332755e-07	chr13-40141351-40142470	1
5.63832745377658e-13	1.16347219435865	0.101	0.05	1.07857821194274e-07	chr8-74734024-74735990	1
8.53234471030772e-13	1.04680687400269	0.107	0.054	1.6321863490136e-07	chr5-27907229-27908790	1
2.93479208119657e-12	0.657657397946672	0.211	0.14	5.61408116380417e-07	chr8-35871912-35873264	1
4.20797245748525e-12	0.74909036381837	0.171	0.106	8.04959883282184e-07	chr11-86933340-86936214	1
5.59183398570514e-12	0.731919976577851	0.169	0.104	1.06968429046148e-06	chr7-154841439-154843397	1
6.20835477799633e-12	0.990239342091274	0.113	0.061	1.18762101890203e-06	chr7-17617851-17620033	1
1.32219003229383e-11	0.782872999548535	0.146	0.087	2.52927020037616e-06	chr4-53273634-53275566	1
1.59611164784385e-11	0.765954981663919	0.151	0.092	3.05326581562642e-06	chr1-76751041-76753580	1
2.16502141703931e-11	0.684354115827428	0.179	0.115	4.14155606951118e-06	chr4-10172566-10175245	1
2.19199995768003e-11	1.02237092275055	0.108	0.058	4.19316439904444e-06	chr2-222752640-222754684	1
2.7560273387445e-11	0.663607029920364	0.19	0.125	5.2721149373779e-06	chr7-42151032-42153296	1
2.77655095478649e-11	0.970341670025014	0.105	0.055	5.31137538344928e-06	chr10-67258778-67260122	1
7.22413649774771e-11	0.903584912204081	0.114	0.064	1.38193396720015e-05	chr10-8951020-8952107	1
8.12072353816827e-11	0.74104952392605	0.16	0.102	1.55344568851036e-05	chr1-204442683-204444155	1
1.10249265950164e-10	0.603537552556689	0.207	0.142	2.10900230806708e-05	chr17-75556711-75560476	1
1.42895494698915e-10	0.600915454859375	0.22	0.155	2.73350507629342e-05	chr7-27344477-27348170	1
1.70247433596522e-10	0.59358827261434	0.216	0.151	3.2567312562413e-05	chr20-51382758-51383819	1
2.0870041907189e-10	0.750068989953488	0.155	0.099	3.99231379659381e-05	chr3-30904107-30906343	1
2.55782396836141e-10	0.732446724203954	0.152	0.096	4.89296378203727e-05	chr1-87385308-87387196	1
2.92954985650967e-10	0.598242597919566	0.212	0.149	5.60405310251161e-05	chr8-72778452-72779600	1
3.80246888498095e-10	0.502431714887489	0.264	0.195	7.27389482883545e-05	chr1-111738116-111740204	1
4.09430909825746e-10	0.885021439435443	0.112	0.064	7.83216764642062e-05	chr10-58517157-58519145	1
4.54700264930959e-10	0.86273489244541	0.109	0.061	8.69814324797029e-05	chr7-52655848-52656813	1
5.03457875433545e-10	0.793535667183046	0.126	0.075	9.63084708231845e-05	chr9-27385149-27387241	1
5.17038370185486e-10	0.940094210077651	0.101	0.056	9.89063379862623e-05	chr4-89756240-89758020	1
6.07432794165259e-10	0.610656481867857	0.197	0.136	0.000116198248927049	chr5-169049752-169051593	1
7.16992987195088e-10	0.901395492773869	0.106	0.06	0.000137156456492497	chr1-218379934-218381317	1
1.55512430977438e-09	0.616649124909456	0.191	0.132	0.00029748594971398	chr4-20787755-20790204	1
1.77735923203393e-09	0.584549985091089	0.207	0.147	0.000339998156932698	chr9-488540-491035	1
1.85969182411846e-09	0.785097541197754	0.121	0.073	0.000355747887802916	chr5-61479447-61481020	1
2.09182904339795e-09	0.807806708153134	0.115	0.068	0.000400154345027767	chr13-40159557-40160534	1
2.21838521200018e-09	0.766043596580079	0.127	0.078	0.000424363780744362	chr9-79667813-79668762	1
2.96284191505699e-09	0.648679448108665	0.171	0.116	0.000566773881298912	chr9-115978367-115979692	1
3.47780263350453e-09	0.873478730372357	0.102	0.059	0.000665282776973615	chr5-68109644-68111344	1
4.0021126116172e-09	0.852087748515253	0.109	0.065	0.000765580129926701	chr3-45272112-45273939	1
5.18343114804626e-09	0.748254635143646	0.123	0.075	0.000991559278034361	chr16-54075274-54076704	1
5.22161899868343e-09	0.499859262039475	0.245	0.184	0.000998864384734148	chr16-54285186-54287672	1
5.54807389615617e-09	0.801740048131475	0.123	0.077	0.0010613132478913	chr3-112279069-112281683	1
6.65948014343938e-09	0.687734791541765	0.142	0.092	0.00127391859455909	chr10-111915670-111916837	1
7.39013329022388e-09	0.675521194412252	0.152	0.101	0.00141368815762009	chr7-124032247-124035347	1
1.12262913843016e-08	0.72289933186438	0.134	0.086	0.00214752218406859	chr10-74683362-74684341	1
1.13023380099254e-08	0.730236530970464	0.119	0.073	0.00216206944727066	chr4-114325909-114327082	1
1.19727512456634e-08	0.564944323649597	0.186	0.131	0.00229031547678793	chr2-128304434-128307017	1
1.29291037987848e-08	0.812477795569324	0.108	0.065	0.00247325998208473	chr3-27767830-27769259	1
1.38078163616763e-08	0.713270523221361	0.127	0.08	0.00264135242309051	chr16-52724885-52726381	1
1.46039295685593e-08	0.488728780768495	0.244	0.183	0.00279364410288798	chr14-79278381-79280158	1
1.73940807618042e-08	0.77385924401284	0.111	0.068	0.00332738328524856	chr4-87149933-87152224	1
1.78931024528045e-08	0.749699230600896	0.123	0.078	0.00342284314060679	chr3-170759258-170760699	1
1.9421134776247e-08	0.711537934356498	0.127	0.081	0.00371514655588739	chr14-61513830-61516193	1
2.3688318433453e-08	0.665153697610517	0.14	0.091	0.00453143318640896	chr11-61375255-61376504	1
2.467960039427e-08	0.714760382692436	0.119	0.074	0.0047210594778215	chr6-80163037-80164381	1
2.76458011571742e-08	0.748178962142853	0.11	0.067	0.00528847588656048	chr1-61825116-61826424	1
3.17476130545095e-08	0.631112904437414	0.152	0.103	0.00607312789164933	chr9-64058963-64061949	1
3.22745924518353e-08	0.818307209394642	0.106	0.064	0.00617393588848138	chr13-90838515-90839804	1
3.43919242166451e-08	0.729713036677304	0.111	0.067	0.00657896875109891	chr5-113425576-113426725	1
3.65917614590483e-08	0.842112786311769	0.103	0.062	0.00699978441654718	chr2-120304359-120305927	1
3.75564986398207e-08	0.79888454978475	0.106	0.065	0.00718433285080587	chr10-96596250-96597278	1
3.83527610980699e-08	0.52300305337521	0.198	0.142	0.00733665308149419	chr5-169141931-169143479	1
3.94219390082828e-08	0.594209625447268	0.169	0.117	0.00754118040065045	chr1-86104669-86105918	1
4.0964396034687e-08	0.785814582352813	0.111	0.069	0.00783624317505941	chr9-91948292-91950546	1
5.56965521736416e-08	0.685668411188945	0.131	0.086	0.0106544162515046	chr7-21128065-21129395	1
6.0470275578406e-08	0.549579342359523	0.166	0.114	0.0115676008964956	chr5-57862258-57864007	1
6.20858356578756e-08	0.704452744510923	0.119	0.076	0.0118766478463377	chr3-124428786-124430369	1
6.21039041273073e-08	0.619154786351776	0.152	0.103	0.0118801042361291	chr8-95745724-95747138	1
6.58639769744173e-08	0.615238301242439	0.148	0.1	0.0125993836113442	chr1-159667947-159669850	1
8.87638494059214e-08	0.577806111985909	0.167	0.117	0.0169799918082563	chr5-112338280-112339613	1
9.20447292550414e-08	0.555579499971822	0.184	0.133	0.0176076044381139	chr17-66661079-66663767	1
1.21144792823529e-07	0.608251322082759	0.148	0.101	0.0231742719983841	chr12-43795505-43796814	1
1.25879442108675e-07	0.723134559865986	0.118	0.076	0.0240799819987369	chr1-11483656-11486656	1
1.29523597241489e-07	0.619980219288977	0.141	0.094	0.0247770870107134	chr11-8738965-8740489	1
1.76580700267347e-07	0.632484819453469	0.137	0.092	0.0337788284769418	chr3-5873817-5875822	1
1.79713443184257e-07	0.67892575335983	0.128	0.085	0.0343781034004892	chr3-171740682-171744578	1
1.85273478071863e-07	0.716164548576092	0.105	0.065	0.035441704714279	chr3-165946361-165947633	1
1.87295393660381e-07	0.712864569219062	0.113	0.072	0.035828485034869	chr9-89850210-89852613	1
1.87523770333017e-07	0.650761021673229	0.126	0.082	0.0358721721220841	chr1-222681539-222686760	1
1.89889513103679e-07	0.713408328610594	0.101	0.062	0.0363247245196552	chr8-84181493-84183717	1
1.93950942976675e-07	0.721457107870136	0.101	0.062	0.03710165168578	chr5-173901843-173903663	1
1.98436973280464e-07	0.611705789534574	0.145	0.099	0.037959802366713	chr3-55620226-55621311	1
1.99645942932712e-07	0.702371002674195	0.113	0.072	0.0381910710073702	chr3-98482400-98483898	1
2.06076478276901e-07	0.458213545830819	0.227	0.173	0.0394211938355015	chr1-203316039-203318180	1
2.51495708086509e-07	0.709566819278378	0.105	0.065	0.0481096199827007	chr10-129689142-129691690	1
2.71602423556398e-07	0.62762195974753	0.146	0.102	0.0519559140117976	chr1-234973347-234976032	1
3.05107349313163e-07	0.493487097942878	0.194	0.144	0.0583652052795123	chr8-96493111-96495971	1
3.20606932239588e-07	0.65578674129592	0.118	0.076	0.0613301824958398	chr1-110477043-110478930	1
3.36073109688113e-07	0.631107547936796	0.138	0.094	0.064288769444678	chr5-33641671-33642737	1
3.42353679680901e-07	0.742661719306996	0.103	0.064	0.0654902048008782	chr2-17224465-17225579	1
3.43218626727809e-07	0.461722636334629	0.209	0.157	0.0656556639812696	chr3-100103059-100105711	1
3.44415846751525e-07	0.730086213019649	0.101	0.063	0.0658846849884862	chr3-67791485-67792350	1
4.18376540929025e-07	0.654956042555818	0.134	0.092	0.080032922020477	chr3-67619025-67621597	1
4.25723930422589e-07	0.694275447939238	0.11	0.071	0.0814384335462587	chr3-127606476-127607610	1
4.9288224054915e-07	0.607855015631084	0.139	0.096	0.0942854153236092	chr6-1088177-1089412	1
4.97036112768722e-07	0.690035958597543	0.113	0.074	0.09508002615598	chr5-41856528-41858643	1
4.99394987851709e-07	0.645410917994137	0.118	0.078	0.0955312648061048	chr7-155376884-155379318	1
5.37086389688961e-07	0.659210950589061	0.116	0.076	0.10274140382916	chr9-96040347-96041653	1
5.6830901710972e-07	0.699990988392021	0.108	0.07	0.108714105118987	chr18-46350369-46351372	1
5.70552879688311e-07	0.540826867489039	0.159	0.112	0.109143342567096	chr10-93445130-93446737	1
5.86372204407078e-07	0.447614138521072	0.217	0.164	0.112169484469848	chr1-180157019-180158892	1
5.91884171613816e-07	0.703133380682179	0.106	0.068	0.113223890724693	chr12-39762847-39764205	1
6.30618446128236e-07	0.736562883467133	0.109	0.072	0.120633525033655	chr4-45647576-45649552	1
6.7422169462774e-07	0.643690592192837	0.116	0.076	0.128974564852119	chr5-5208862-5209749	1
7.26409915433019e-07	0.498799241793682	0.174	0.126	0.138957858362844	chr14-61711042-61712415	1
7.84578448843258e-07	0.732392908016843	0.101	0.064	0.150085149793022	chr7-129741345-129743656	1
8.95354479593019e-07	0.44533790357711	0.2	0.149	0.171275939819267	chr14-29757082-29758539	1
9.1850762650819e-07	0.650269410480228	0.111	0.072	0.175704997905258	chr15-86515464-86516603	1
9.35134477114524e-07	0.49803439048131	0.174	0.126	0.178885614665146	chr11-120814709-120817764	1
9.56861256658734e-07	0.553803383760387	0.145	0.102	0.183041817231276	chr4-102734797-102737793	1
9.92835066965153e-07	0.471246443028958	0.205	0.157	0.189923391300032	chr17-68646598-68648393	1
1.03113356228918e-06	0.632932560377209	0.118	0.078	0.197249663664547	chr3-194112149-194113424	1
1.08751316332205e-06	0.656601702689639	0.105	0.067	0.208034743064529	chr9-106669501-106670939	1
1.23838935265579e-06	0.611098760859599	0.117	0.077	0.236896452826937	chr13-57648730-57649725	1
1.25686522033927e-06	0.538914294035874	0.158	0.114	0.24043077545958	chr9-22103106-22104741	1
1.26135670844827e-06	0.439175878814642	0.201	0.15	0.241289970185904	chr10-33422557-33424101	1
1.32961135267234e-06	0.586039277931503	0.137	0.096	0.254346674098103	chr3-68315162-68316276	1
1.36099089189816e-06	0.649356782143338	0.116	0.078	0.260349391674766	chr7-121048639-121049777	1
1.39235256420313e-06	0.621007566717645	0.118	0.079	0.266348691416673	chr6-33730793-33733218	1
1.5572588834736e-06	0.480875062216319	0.176	0.13	0.297894280855199	chr14-77203376-77205141	1
1.58661410423553e-06	0.590401846501268	0.131	0.091	0.303509758455631	chr10-5517815-5518931	1
1.61574676251582e-06	0.71675481831723	0.101	0.065	0.309082661188702	chr5-173823813-173825653	1
1.84875528980091e-06	0.57634220131404	0.144	0.102	0.353655794407175	chr1-181117145-181118569	1
1.86471420185906e-06	0.68227548031219	0.102	0.066	0.356708638530428	chr1-197864931-197866732	1
1.90413097968472e-06	0.693892023581496	0.101	0.065	0.364248831627809	chr1-66451137-66453335	1
1.98901074850128e-06	0.53938479414733	0.143	0.101	0.380485822123804	chr3-128434844-128436115	1
2.04700834046295e-06	0.623483333171616	0.113	0.075	0.391580413480519	chr5-154193348-154195141	1
2.04873034748331e-06	0.455726537694428	0.197	0.15	0.391909823091473	chr10-19498282-19500046	1
2.13947117802298e-06	0.667019375823988	0.103	0.067	0.409267999528728	chr10-14295870-14296745	1
2.21938181942862e-06	0.595985236779135	0.13	0.091	0.424554425765778	chr4-84953819-84956384	1
2.52768425099766e-06	0.630709910467311	0.123	0.085	0.483530831110346	chr3-24375811-24378804	1
2.56626335495501e-06	0.40581113785558	0.241	0.193	0.490910782222764	chr12-8912650-8917129	1
2.7423905264435e-06	0.487490841295037	0.174	0.13	0.524602853365482	chr12-13390103-13391147	1
3.0236869128276e-06	0.643155959496829	0.109	0.073	0.578413164302442	chr3-160078013-160079368	1
3.32987556618523e-06	0.546780147135994	0.149	0.108	0.636985216557838	chr11-110305077-110306398	1
3.44980989184953e-06	0.529148502375973	0.155	0.113	0.659927933451464	chr10-546431-548008	1
3.73983919066745e-06	0.632906515435216	0.114	0.078	0.715408798139539	chr8-140096492-140097589	1
3.87865873928003e-06	0.494382326541984	0.169	0.125	0.741964144871834	chr5-16572543-16575928	1
4.0110441034636e-06	0.667272993561269	0.113	0.077	0.767288670727967	chr17-46971659-46974705	1
4.03046547181167e-06	0.59970707787191	0.117	0.08	0.771003861964742	chr10-15863474-15865092	1
4.28652181928959e-06	0.643605139888307	0.104	0.069	0.819985904899182	chr4-121397514-121398864	1
4.28755649603284e-06	0.712188726827433	0.104	0.07	0.820183832352106	chr2-105715648-105717637	1
4.31348877425189e-06	0.560257114414555	0.123	0.084	0.825144521581741	chr3-148680021-148680994	1
4.36796046845015e-06	0.476906812178033	0.175	0.132	0.835564629851703	chr15-101397434-101398969	1
4.39072161322173e-06	0.626220257865609	0.121	0.085	0.839918700279638	chr15-44811274-44813652	1
4.41865234917387e-06	0.646217842746351	0.102	0.067	0.845261682482865	chr7-72326007-72327147	1
5.26374565778256e-06	0.636297855019979	0.108	0.072	1	chr4-67084365-67085574	1
5.37019293008092e-06	0.484258882113218	0.151	0.109	1	chr18-34911635-34912847	1
5.64537082384114e-06	0.531538233441061	0.13	0.09	1	chr4-42458134-42460631	1
6.68450662163007e-06	0.497138515010386	0.155	0.114	1	chr11-80718213-80721074	1
6.8969337039101e-06	0.319233846061966	0.298	0.246	1	chr9-83060275-83063777	1
7.26712058373555e-06	0.580487536793566	0.113	0.077	1	chr5-158593079-158595680	1
7.56630530699782e-06	0.497105701608231	0.149	0.108	1	chr19-30663753-30665206	1
7.85990502306362e-06	0.558550625161514	0.114	0.078	1	chr3-40096247-40097623	1
8.28892048344663e-06	0.426712406335483	0.204	0.16	1	chr1-33376471-33379296	1
8.74480378662573e-06	0.582203248488848	0.118	0.082	1	chr3-66762800-66763971	1
9.17043700980351e-06	0.59988226656794	0.103	0.069	1	chr18-54532106-54533412	1
9.60822288221469e-06	0.65936003530093	0.102	0.069	1	chr17-73576332-73577955	1
9.7761976938513e-06	0.510097370722699	0.152	0.113	1	chr9-125188992-125190861	1
1.08695637074958e-05	0.461251434005918	0.161	0.121	1	chr2-15580176-15581190	1
1.0945440616059e-05	0.538709027442867	0.128	0.09	1	chr1-79074684-79075618	1
1.10447331487067e-05	0.622835508073185	0.101	0.067	1	chr1-213195788-213197387	1
1.13803386725074e-05	0.375793717657756	0.232	0.185	1	chr11-89555435-89558112	1
1.15577327449211e-05	0.584402647365025	0.113	0.078	1	chr5-106779720-106781076	1
1.1726355938995e-05	0.517506244386328	0.136	0.098	1	chr8-78600422-78601571	1
1.20256089548121e-05	0.463562412608955	0.166	0.125	1	chr14-77067798-77071125	1
1.22755077348089e-05	0.482537109201238	0.165	0.125	1	chr4-47691619-47693785	1
1.24017507950912e-05	0.327747693783933	0.289	0.242	1	chr1-167552722-167554557	1
1.27953276416396e-05	0.562113550262029	0.124	0.088	1	chr9-69385098-69387110	1
1.33643033225879e-05	0.51484658933708	0.139	0.101	1	chr10-59245259-59246413	1
1.43110217039359e-05	0.521652762138271	0.13	0.093	1	chr9-98805365-98808209	1
1.43374188782325e-05	0.435913576253191	0.177	0.135	1	chr3-188832161-188833812	1
1.46491052410851e-05	0.421763744670196	0.195	0.152	1	chr1-67879796-67881050	1
1.46512803296078e-05	0.560672038597037	0.114	0.079	1	chr5-2200162-2201544	1
1.47142861605651e-05	0.484868364819344	0.155	0.116	1	chr20-49306358-49308282	1
1.47615788483818e-05	0.462733256081887	0.172	0.131	1	chr7-2157053-2158401	1
1.48449019073785e-05	0.573172257253763	0.103	0.069	1	chr6-41456277-41457437	1
1.51695047596491e-05	0.496312794749691	0.132	0.094	1	chr7-105939781-105940947	1
1.55875473132388e-05	0.345253925827862	0.287	0.241	1	chr1-204492605-204495516	1
1.56484679800584e-05	0.505141913283299	0.133	0.095	1	chr14-61409366-61410948	1
1.5884301513179e-05	0.574938629627097	0.113	0.079	1	chr16-2857725-2859076	1
1.78199028970107e-05	0.364582702682388	0.241	0.195	1	chr1-168860736-168864722	1
1.81996817913025e-05	0.496421944682273	0.152	0.114	1	chrX-136879268-136881318	1
2.06985920446116e-05	0.437742425866998	0.162	0.122	1	chr13-112770729-112773457	1
2.14594036962701e-05	0.598075331603459	0.111	0.077	1	chr7-50597215-50603911	1
2.21046359882564e-05	0.559122678284744	0.106	0.073	1	chr3-133077173-133078566	1
2.23621083078646e-05	0.482165692064617	0.143	0.105	1	chr1-177584991-177586338	1
2.25714775601603e-05	0.461447362626727	0.156	0.117	1	chr1-64343046-64344406	1
2.32730923077977e-05	0.42861027411266	0.191	0.151	1	chr3-117277577-117279963	1
2.36869900129863e-05	0.564836545176311	0.121	0.086	1	chr12-111993121-111995418	1
2.39386115034296e-05	0.607680374222926	0.113	0.08	1	chr12-65695105-65696723	1
2.45027827788853e-05	0.619947645364718	0.101	0.07	1	chr11-23390629-23391805	1
2.51049188227567e-05	0.559575916005269	0.121	0.087	1	chr2-113077931-113080536	1
2.53616530356021e-05	0.562621911112225	0.107	0.074	1	chr16-57818315-57819468	1
2.55690880678915e-05	0.580130079915859	0.113	0.08	1	chr12-95942227-95943900	1
2.62088610420264e-05	0.524739449229685	0.138	0.102	1	chr15-78944005-78945640	1
2.74801984561901e-05	0.519273467949883	0.119	0.085	1	chr7-41148186-41149550	1
3.05412804112855e-05	0.584078105604782	0.105	0.073	1	chr1-107702305-107703937	1
3.14709320551207e-05	0.609372122386863	0.102	0.071	1	chr4-105191433-105193505	1
3.16462898715418e-05	0.605447792126161	0.103	0.072	1	chr12-91817132-91819567	1
3.22289493746841e-05	0.564934047875407	0.107	0.075	1	chr18-6351954-6352871	1
3.25472625219492e-05	0.453578687810272	0.151	0.113	1	chr4-76688051-76691498	1
3.34409198828155e-05	0.595004552528677	0.1	0.069	1	chr1-42996158-42997330	1
3.42148888475078e-05	0.341655964189937	0.255	0.211	1	chr1-235295502-235296725	1
3.48984284827809e-05	0.452135372022281	0.168	0.129	1	chr3-73297739-73299812	1
3.54023302663266e-05	0.538906834229465	0.122	0.089	1	chr3-7171012-7172208	1
3.60234734932768e-05	0.260629096805584	0.365	0.317	1	chr7-50745691-50794203	1
3.77357843564488e-05	0.318774284373997	0.271	0.226	1	chr14-61694645-61697582	1
3.98947281472515e-05	0.555567705267544	0.109	0.077	1	chr7-42091151-42092376	1
4.03353305548055e-05	0.506130776944772	0.139	0.103	1	chr12-7128339-7131597	1
4.09023230417791e-05	0.506519364997168	0.12	0.086	1	chr2-579148-580272	1
4.15631520212545e-05	0.513648547624347	0.135	0.101	1	chr15-85825261-85826348	1
4.25844415598281e-05	0.360928049538751	0.224	0.182	1	chr20-40286235-40288075	1
4.26407082354012e-05	0.349100908584328	0.219	0.176	1	chr12-94458521-94461100	1
4.4100023065376e-05	0.547898171558232	0.109	0.077	1	chr7-31271516-31272835	1
4.50842761382709e-05	0.409086660888237	0.194	0.154	1	chr20-2767705-2769107	1
4.51365010154654e-05	0.582973924656907	0.104	0.073	1	chr15-47290564-47294212	1
4.57148570459179e-05	0.531038818727068	0.114	0.082	1	chr12-12776052-12776875	1
4.62966773760173e-05	0.557374128419003	0.105	0.073	1	chr4-183959987-183961878	1
4.76380697306113e-05	0.564065698923596	0.106	0.075	1	chr3-159813959-159814893	1
4.89841962885953e-05	0.573695012659003	0.111	0.079	1	chr11-128146517-128147991	1
4.98311972327664e-05	0.367536426398184	0.218	0.177	1	chr7-148152954-148154445	1
5.00424963931201e-05	0.458118977509139	0.151	0.114	1	chr18-50969685-50970856	1
5.02631305021836e-05	0.327291323188263	0.258	0.216	1	chr5-132488310-132491552	1
5.21061836516663e-05	0.439063497813482	0.142	0.105	1	chr1-115713114-115715481	1
5.21134097342627e-05	0.545108342206551	0.108	0.076	1	chr1-54001319-54002685	1
5.40916854529387e-05	0.501414320138272	0.128	0.094	1	chrX-130716442-130719108	1
5.95787401163388e-05	0.504710166469347	0.118	0.086	1	chr8-31259950-31261123	1
5.96223916457579e-05	0.452160479362928	0.168	0.131	1	chr1-100265405-100267390	1
5.97101740709988e-05	0.538937645381111	0.103	0.072	1	chr20-1399549-1401864	1
5.99921824595886e-05	0.471173312793145	0.14	0.105	1	chr8-132711442-132712925	1
6.03775079459086e-05	0.31109949547684	0.267	0.222	1	chr11-108592496-108594447	1
6.21885716454413e-05	0.565209818143067	0.107	0.076	1	chr15-93072484-93073614	1
6.22748399386676e-05	0.488825796210153	0.139	0.105	1	chr18-50791304-50792829	1
6.31393686281064e-05	0.506732815868184	0.136	0.102	1	chr16-81644950-81646082	1
6.55630148104228e-05	0.53618751238366	0.101	0.07	1	chr12-82413891-82415248	1
6.5704670983135e-05	0.590985610913186	0.102	0.072	1	chr15-92855638-92856970	1
6.62061108272649e-05	0.448857875295329	0.167	0.131	1	chr1-47926306-47927895	1
6.68664776113858e-05	0.360640889547837	0.225	0.186	1	chr1-99659223-99661053	1
6.99169159573538e-05	0.395318034667163	0.184	0.146	1	chr7-124764859-124766641	1
7.17552368994266e-05	0.36101930882004	0.214	0.175	1	chr8-37694842-37697461	1
7.24310925847728e-05	0.407088986576397	0.176	0.138	1	chr5-135323096-135325975	1
7.48680141230154e-05	0.520811388610174	0.12	0.088	1	chr20-21621870-21622981	1
7.56200262651542e-05	0.413854116080147	0.17	0.133	1	chr1-64744076-64746393	1
7.57747548588369e-05	0.424511002890617	0.161	0.124	1	chr2-75152990-75155043	1
7.83827164094194e-05	0.470142589348401	0.137	0.102	1	chr20-23203346-23206518	1
7.86539672353126e-05	0.440558617842386	0.146	0.109	1	chr7-96793670-96795495	1
8.07492368728805e-05	0.429441890436182	0.167	0.13	1	chr1-233714123-233715699	1
8.17343859508292e-05	0.520109191182848	0.119	0.087	1	chr3-98109211-98110734	1
8.31695007240791e-05	0.316875299428349	0.249	0.208	1	chr18-24214725-24216591	1
9.65276701807276e-05	0.301635782010897	0.264	0.222	1	chr5-140260824-140263462	1
9.69291191901924e-05	0.541767076020479	0.101	0.071	1	chr5-150136901-150139383	1
0.000102930808186041	0.446634478715273	0.139	0.105	1	chr5-43571959-43573346	1
0.000103480735656726	0.55686226970392	0.102	0.072	1	chr3-160212097-160213560	1
0.000104346761909488	0.575348163546723	0.102	0.073	1	chr6-108739115-108740176	1
0.0001070624643349	0.523489527409521	0.111	0.08	1	chr6-49522837-49525087	1
0.000108707151404333	0.424412766005525	0.16	0.124	1	chr8-78530028-78531132	1
0.000109620780594485	0.544830106266945	0.101	0.072	1	chr9-123568653-123569898	1
0.000109715804676439	0.400707922947212	0.163	0.126	1	chr7-49479684-49481004	1
0.000112592624503627	0.402274014595116	0.173	0.137	1	chr18-45165963-45167644	1
0.000113375940017756	0.583629042762621	0.105	0.076	1	chr1-151546938-151549784	1
0.000114990181058847	0.502343671103459	0.111	0.081	1	chr11-3605285-3606440	1
0.000116094675720131	0.515626578259107	0.111	0.081	1	chr10-125895280-125897153	1
0.000118977360635473	0.496295080120871	0.108	0.077	1	chr20-41267606-41269233	1
0.000120006672857388	0.518452092429307	0.107	0.077	1	chr2-232295704-232296616	1
0.000120717369758417	0.457569171010209	0.137	0.104	1	chr7-96595715-96597547	1
0.000121561170397417	0.395740928049595	0.17	0.133	1	chr18-59549379-59550838	1
0.000122054867365192	0.493372393138211	0.123	0.091	1	chr3-34283475-34285593	1
0.000124733744771164	0.541256399389846	0.103	0.074	1	chr8-133899202-133901109	1
0.000127222193802385	0.381368898234324	0.2	0.163	1	chr1-96508190-96511684	1
0.000128095388838495	0.387097222783617	0.175	0.138	1	chr4-76127489-76128465	1
0.000136755282348077	0.486745625993351	0.112	0.081	1	chr4-58688121-58689746	1
0.000146926045130986	0.449556823671846	0.131	0.098	1	chr3-136022567-136024023	1
0.000160772098865994	0.267079625113164	0.301	0.256	1	chr4-101196406-101201931	1
0.000168934966601346	0.475783565709107	0.122	0.09	1	chr8-73147332-73148760	1
0.000171013688722575	0.410324628314651	0.16	0.126	1	chr17-73564503-73565644	1
0.000174751692887712	0.479323054430107	0.121	0.09	1	chr5-127311094-127312790	1
0.000178187988059112	0.482313124119248	0.129	0.098	1	chr6-39088169-39094010	1
0.000178393402742873	0.344617685007032	0.188	0.149	1	chr2-25041025-25043046	1
0.000178444392124405	0.449927303844015	0.153	0.12	1	chr1-54015860-54017109	1
0.000185688485960787	0.382832021761018	0.159	0.123	1	chr5-132426730-132430266	1
0.000197469775783758	0.533526135414121	0.101	0.073	1	chr8-796314-799604	1
0.000198292291581716	0.518210824416207	0.103	0.075	1	chr8-133619897-133622665	1
0.000207100394635018	0.451497487417567	0.125	0.093	1	chr1-6958484-6961184	1
0.00020732397919623	0.471595758157549	0.123	0.093	1	chr1-12615085-12618580	1
0.000211995726480634	0.511127953716181	0.1	0.072	1	chr13-62242718-62243852	1
0.000220873414186421	0.482790743292099	0.118	0.088	1	chr1-87472168-87474775	1
0.000222249612408078	0.445475123622287	0.125	0.093	1	chr8-47888380-47889904	1
0.000223473284843136	0.359274942769973	0.199	0.162	1	chr1-193007306-193010248	1
0.000226421335720401	0.391556147840034	0.15	0.116	1	chr1-153122561-153123598	1
0.000227052773540694	0.323545569908025	0.222	0.184	1	chr8-118877510-118879175	1
0.000230684334902747	0.403683541809201	0.15	0.116	1	chr10-111579012-111580553	1
0.000231841848869743	0.376900730492856	0.194	0.158	1	chr5-55822598-55825331	1
0.000245294989424648	0.436174902153179	0.138	0.106	1	chr1-244718948-244720602	1
0.000246471446261355	0.339980864290345	0.216	0.179	1	chr7-128409196-128411241	1
0.000247566137598722	0.348786115507728	0.212	0.177	1	chr13-50643738-50645187	1
0.000256635378665779	0.503008347531762	0.106	0.077	1	chr5-149872196-149873211	1
0.000264502810268993	0.347428165763626	0.227	0.191	1	chr4-127880098-127882175	1
0.000265783041548828	0.348473684821035	0.205	0.169	1	chr5-37717216-37718598	1
0.000268628049722087	0.251096266711383	0.343	0.302	1	chr8-76998839-77001522	1
0.000277018398912577	0.291920526922815	0.276	0.239	1	chr7-75738394-75740124	1
0.00028638879693348	0.487397109610993	0.113	0.084	1	chr5-30227911-30228967	1
0.000298615429585849	0.521256074500237	0.111	0.082	1	chr10-68837262-68838847	1
0.000300584634534611	0.432693749925848	0.137	0.106	1	chr8-52940535-52942297	1
0.000303952751233926	0.530835888225617	0.105	0.077	1	chr4-39541596-39544526	1
0.000304021330494098	0.486990101643773	0.112	0.083	1	chr16-72983494-72984638	1
0.000306617793862699	0.468081401912548	0.117	0.088	1	chr4-48999906-49001263	1
0.000307101546545553	0.394836929353768	0.147	0.114	1	chr7-151459321-151460976	1
0.000309904912852299	0.265042577660487	0.288	0.248	1	chr12-56359671-56361076	1
0.000313394567071628	0.553266741626363	0.103	0.076	1	chr1-202045716-202047732	1
0.000314499057313284	0.519673647336277	0.101	0.073	1	chr3-59658831-59661709	1
0.00031724813423348	0.484495394981856	0.118	0.089	1	chr15-98727064-98730098	1
0.000319638490064101	0.511042947798196	0.103	0.075	1	chr10-89185262-89186409	1
0.000340301308492987	0.424545513983743	0.143	0.112	1	chr12-108855615-108858420	1
0.000345618200856815	0.472771718454942	0.106	0.078	1	chr8-55886294-55887458	1
0.000358107544811755	0.404026525193998	0.159	0.126	1	chr14-70664959-70666471	1
0.000365243314304191	0.504622902906398	0.104	0.077	1	chr8-54108486-54109949	1
0.000366167422587165	0.398984336122772	0.144	0.111	1	chr9-94726168-94727412	1
0.000376358874410868	0.466096090480479	0.109	0.081	1	chr11-42766121-42767419	1
0.000394341938344783	0.408264736512011	0.142	0.11	1	chr2-85510745-85512119	1
0.000395910707215124	0.439294684113875	0.126	0.096	1	chr18-568326-569450	1
0.000404949339357754	0.496283169480334	0.115	0.088	1	chr18-43391492-43393738	1
0.000407105516885968	0.275570718256896	0.29	0.254	1	chr12-53078585-53080238	1
0.000424564424901191	0.317225770150642	0.232	0.199	1	chr5-132905266-132906726	1
0.000428767258976107	0.407123471862183	0.156	0.124	1	chr1-245257790-245261098	1
0.00042947116024723	0.406317396053259	0.137	0.106	1	chr11-14687394-14689016	1
0.000433025100733426	0.496028211595306	0.101	0.075	1	chr1-58884605-58886656	1
0.000434482241569613	0.296595306006498	0.246	0.208	1	chr5-54309248-54312170	1
0.000441239254362414	0.436843488734374	0.123	0.094	1	chr5-123154637-123157214	1
0.000443268617259889	0.418903573516053	0.138	0.107	1	chr4-68463402-68464584	1
0.00044408219969813	0.489406082111366	0.111	0.083	1	chr15-63379169-63382398	1
0.000451099708387476	0.473295418852011	0.116	0.087	1	chr12-26100768-26102001	1
0.000451391431521609	0.416750668880564	0.14	0.11	1	chr12-106955231-106957346	1
0.000451875080973145	0.363117296210069	0.183	0.149	1	chr14-96574196-96575609	1
0.000455981049555677	0.375717972789962	0.155	0.123	1	chr20-2244070-2247092	1
0.000463733343049818	0.399387100854087	0.145	0.114	1	chr11-47415648-47416798	1
0.0004737745941594	0.451294904718945	0.111	0.082	1	chr10-63701983-63704626	1
0.000476971118028244	0.447324551704767	0.107	0.079	1	chr7-36032026-36033234	1
0.000482887845705312	0.459962859318769	0.11	0.082	1	chr1-110355740-110357063	1
0.000487756097854928	0.39911917421076	0.141	0.11	1	chr1-50493468-50494706	1
0.000497214540371675	0.360686231537778	0.17	0.137	1	chr1-55693921-55695169	1
0.000501187732876696	0.285755135021002	0.245	0.207	1	chr11-130762264-130763511	1
0.000504272301684987	0.42569201575937	0.128	0.098	1	chr5-155545869-155547022	1
0.000507520896762757	0.544347144840127	0.103	0.077	1	chr1-78037719-78039078	1
0.00051428081254128	0.416808599628913	0.121	0.091	1	chr4-54781201-54782687	1
0.000528863572079722	0.416296947970121	0.133	0.103	1	chr10-5976730-5978467	1
0.00052935630219332	0.320553321205667	0.209	0.173	1	chr4-56742252-56744304	1
0.000547698104846108	0.435063286643554	0.131	0.102	1	chr1-208202561-208204547	1
0.000550043588958725	0.469554035012325	0.101	0.074	1	chr4-72348373-72349399	1
0.000550190524784035	0.421643472072181	0.138	0.109	1	chr19-16719203-16720293	1
0.000555927446690034	0.27837634270132	0.266	0.23	1	chr11-59667861-59671127	1
0.000556927743370911	0.325011124553453	0.217	0.182	1	chr1-91884529-91886975	1
0.000562136707117031	0.28693611785316	0.224	0.187	1	chr7-65006043-65007287	1
0.000574526224212712	0.367710922707062	0.167	0.135	1	chr22-38731897-38734775	1
0.000601675168773283	0.340010322393609	0.184	0.152	1	chr12-70552765-70554395	1
0.000602495232253189	0.368059332942899	0.149	0.117	1	chr8-10053540-10055823	1
0.000607682190020558	0.434882890898512	0.116	0.088	1	chr4-184937042-184938947	1
0.00061227709858962	0.471754291645493	0.109	0.082	1	chr2-118321372-118322668	1
0.000615731236679966	0.398142427988067	0.166	0.135	1	chr3-93838729-93840253	1
0.000615772946004158	0.437322264281095	0.11	0.082	1	chr18-54423955-54426437	1
0.000616006878011871	0.423202501571852	0.121	0.092	1	chr10-29841678-29842784	1
0.000618340008419308	0.265514811636331	0.267	0.229	1	chr2-182077085-182080077	1
0.00065202257743077	0.44587243211702	0.113	0.085	1	chr5-59222576-59224253	1
0.000664144283662319	0.465664700094739	0.11	0.083	1	chr1-156709333-156710590	1
0.000671296962641861	0.301762369278541	0.214	0.18	1	chr3-108221508-108223441	1
0.00067517100394498	0.278092567141	0.231	0.193	1	chr14-30221333-30224833	1
0.000676787647562179	0.269660429332449	0.249	0.213	1	chr5-55533293-55535945	1
0.000685930536939201	0.372674670587437	0.164	0.132	1	chr3-41198653-41200909	1
0.00068710828825533	0.391776619611307	0.138	0.108	1	chr2-202545409-202547061	1
0.000690925934114629	0.472100010437364	0.103	0.077	1	chr13-98791915-98793144	1
0.00069447766015374	0.275485559700282	0.281	0.247	1	chr1-169367046-169369035	1
0.000697724339548949	0.368636875867869	0.155	0.124	1	chr18-70522854-70524271	1
0.0007031284803673	0.413363938193087	0.128	0.099	1	chr8-127782051-127783174	1
0.00070958790328732	0.443963546964863	0.115	0.088	1	chr11-8344894-8345846	1
0.00072515363022791	0.392390592362624	0.144	0.114	1	chr10-102981946-102982973	1
0.000726811570607443	0.266163425450159	0.274	0.238	1	chr2-20446624-20451574	1
0.000749714670250326	0.374808240297846	0.166	0.137	1	chr3-174954490-174957789	1
0.000750884699407957	0.391015529881928	0.132	0.102	1	chr3-46357983-46359145	1
0.000751568555061746	0.283344795580994	0.222	0.185	1	chr7-22350277-22352160	1
0.00075910579566539	0.396657128026267	0.135	0.105	1	chr1-99964722-99966739	1
0.000771100038094968	0.338329597754888	0.165	0.133	1	chr11-19828746-19830012	1
0.000779332463325067	0.333876972691648	0.202	0.17	1	chr2-236823200-236826150	1
0.000867499722216215	0.436066262221478	0.107	0.081	1	chr18-27846889-27848073	1
0.000877440116143255	0.423209479678525	0.115	0.088	1	chr5-15833080-15835667	1
0.00088314449478745	0.372173899028168	0.155	0.125	1	chr16-27723622-27725315	1
0.000893129233867319	0.3253236155559	0.184	0.151	1	chr10-13345853-13350508	1
0.000913498323229528	0.391746457579242	0.128	0.1	1	chr11-103175233-103176756	1
0.000927026344752697	0.379115936885624	0.154	0.124	1	chr11-57776954-57780012	1
0.000945535195520927	0.281673616973412	0.236	0.202	1	chr4-76305494-76307765	1
0.000955669169468303	0.418397481495868	0.109	0.082	1	chr22-48617760-48618943	1
0.000962960010250772	0.46281746237119	0.106	0.081	1	chr6-38974332-38976391	1
0.000966789258837778	0.475797625453338	0.103	0.078	1	chr18-2258277-2260886	1
0.000971814684791233	0.294893705563854	0.237	0.203	1	chr12-8948584-8951311	1
0.000986564507960185	0.319686334061767	0.169	0.136	1	chr2-127857283-127858801	1
0.000988491581933213	0.422773587787564	0.13	0.103	1	chr16-70614074-70615254	1
0.000997015441629569	0.448754762874045	0.103	0.077	1	chr10-53269096-53272841	1
0.000998111842434651	0.393528636359176	0.141	0.112	1	chr17-21200226-21201788	1
0.00100328965401756	0.316256770511396	0.19	0.158	1	chr7-99918770-99920147	1
0.00101131367697923	0.471171591264184	0.107	0.082	1	chr5-149784924-149785981	1
0.00103960438273357	0.29486224700703	0.23	0.196	1	chr16-69725556-69727488	1
0.00107156946946551	0.464422783805903	0.112	0.087	1	chr6-119144529-119146251	1
0.00107251470997301	0.301165525247368	0.215	0.183	1	chr8-87165908-87168334	1
0.00111226721851704	0.471890426791006	0.104	0.08	1	chr9-116491014-116492334	1
0.00111326196886145	0.373904304558733	0.134	0.106	1	chr2-216738663-216741584	1
0.00112786290489235	0.440772621305931	0.121	0.095	1	chrX-44872076-44875136	1
0.00116134975540437	0.478184206805959	0.109	0.085	1	chr9-20197922-20199206	1
0.00117053726969732	0.422634214849808	0.108	0.082	1	chr10-119509635-119510741	1
0.00118952620115447	0.409664705406704	0.113	0.087	1	chr10-114265714-114267373	1
0.00121503004838608	0.364131246519045	0.144	0.114	1	chr10-19815232-19817949	1
0.00122081503411996	0.411041748030568	0.121	0.094	1	chr15-77496720-77498558	1
0.00123449414818798	0.356902734843297	0.163	0.134	1	chr1-101287980-101289237	1
0.00126065514668958	0.411036156268843	0.111	0.085	1	chr10-112330159-112331791	1
0.0012747847564896	0.428782133526402	0.111	0.085	1	chr14-64966592-64967619	1
0.00131032085317173	0.412189876549651	0.125	0.098	1	chr17-49729048-49731143	1
0.00131561737178604	0.272380661314826	0.244	0.212	1	chr6-13709687-13713428	1
0.00131783698790257	0.360993008154361	0.147	0.119	1	chr1-43552055-43553647	1
0.00132068328871431	0.408980749015847	0.114	0.088	1	chr10-129466216-129468291	1
0.00132879626289567	0.315161948388589	0.175	0.143	1	chr10-125836425-125837736	1
0.00135306220283396	0.382222545304451	0.132	0.105	1	chr10-81192110-81193926	1
0.00135614446723778	0.260446820753317	0.247	0.213	1	chr4-48014552-48017893	1
0.00136452978960627	0.446588276595996	0.103	0.078	1	chr8-106269238-106271192	1
0.00137663169361916	0.383380551311868	0.127	0.1	1	chr7-85926981-85927942	1
0.00137895332210523	0.370251462655523	0.15	0.121	1	chr1-206634188-206636352	1
0.00140518194777648	0.380226367428016	0.134	0.106	1	chr17-48816681-48817731	1
0.00141116917276929	0.33211465150773	0.196	0.166	1	chr4-17490103-17492732	1
0.00141836268328727	0.386339348767366	0.145	0.118	1	chr20-59957123-59959270	1
0.00142077653372487	0.382411708614846	0.139	0.111	1	chr14-58199257-58200953	1
0.0014294484972461	0.329626675577944	0.159	0.129	1	chr1-221230022-221231277	1
0.00145294279668501	0.306681369465599	0.18	0.149	1	chr17-72683427-72684989	1
0.00145409909622069	0.305591469738919	0.192	0.161	1	chr11-45146284-45148455	1
0.00145928577892497	0.376462392092688	0.128	0.1	1	chr10-121572560-121574073	1
0.0015022549319105	0.276225966709599	0.244	0.211	1	chr6-15244703-15246364	1
0.00150825206041423	0.29703726825626	0.224	0.193	1	chr9-128549749-128553633	1
0.00152338396787212	0.415876112168124	0.116	0.09	1	chr1-115098826-115100209	1
0.0015273507539569	0.291771473038263	0.2	0.167	1	chr17-52418746-52420249	1
0.00153065514531626	0.400157152187948	0.135	0.108	1	chr9-38031319-38033324	1
0.00153436155080077	0.430069722310948	0.118	0.093	1	chr7-19116016-19118163	1
0.00154278772452808	0.382308879639528	0.13	0.102	1	chr12-117506501-117508445	1
0.001562350341563	0.447711247869255	0.102	0.078	1	chr17-79113789-79115531	1
0.00160800529899287	0.309845246750335	0.184	0.152	1	chr8-42295505-42298748	1
0.00161825519828447	0.377750525103321	0.14	0.112	1	chr22-23105913-23107700	1
0.00163365221611553	0.342039464341774	0.173	0.143	1	chr9-34072115-34074753	1
0.00164602335769675	0.317556572821194	0.192	0.163	1	chr12-132886998-132888418	1
0.00164665036310113	0.38072019776434	0.126	0.099	1	chr12-119692482-119693826	1
0.00165820320537293	0.301373690000933	0.192	0.16	1	chr8-27361591-27362704	1
0.00173381224670212	0.459928023597553	0.103	0.08	1	chr16-52068151-52071317	1
0.00175006190859718	0.390827944092375	0.124	0.097	1	chr5-50419942-50421093	1
0.00179174682137721	0.390281577118623	0.127	0.101	1	chr7-24572392-24574642	1
0.00188003645633748	0.442782225393303	0.107	0.083	1	chr3-75603940-75605221	1
0.00189207874907464	0.348952751866794	0.159	0.131	1	chr8-6909186-6911078	1
0.00190802736692984	0.386015006293139	0.123	0.097	1	chr6-99588287-99589637	1
0.00190979696949386	0.360443514561055	0.15	0.123	1	chr1-33080395-33081683	1
0.00193807253437529	0.366876772515473	0.154	0.127	1	chr13-40788819-40790666	1
0.00195656154453563	0.311816114710067	0.174	0.144	1	chr2-202032975-202035159	1
0.00197182601356975	0.331476769079957	0.156	0.127	1	chr2-232300014-232301895	1
0.00197290971522935	0.425654576203519	0.112	0.087	1	chr1-156851504-156853396	1
0.00199732040712509	0.386894109133752	0.128	0.101	1	chr10-17229078-17231736	1
0.00200511450786943	0.324898044050245	0.165	0.136	1	chr10-119006233-119007833	1
0.00203463606676711	0.34266653639644	0.159	0.132	1	chr4-122842617-122843714	1
0.00207271175468936	0.393829069706534	0.131	0.106	1	chr12-81400644-81404106	1
0.00214490485259379	0.371862127001785	0.12	0.094	1	chr11-75325709-75326897	1
0.00216571236049525	0.418632860659363	0.105	0.081	1	chr9-98860756-98862530	1
0.00216704479038367	0.334541483072929	0.156	0.128	1	chr1-222589118-222590783	1
0.00217152305223354	0.362433296774356	0.135	0.109	1	chr16-53045223-53046652	1
0.00217498941114256	0.328524131473377	0.153	0.124	1	chr2-191543607-191545362	1
0.00217829027650918	0.290204988045304	0.191	0.162	1	chr15-86402621-86404583	1
0.00219374250635806	0.435573075447179	0.128	0.104	1	chr11-134033351-134035782	1
0.00220571054968346	0.323862717422467	0.152	0.124	1	chr8-130021535-130022384	1
0.00221785299145073	0.35751869928435	0.15	0.123	1	chr7-116780457-116781816	1
0.00222776181909162	0.367897641460176	0.136	0.11	1	chr3-14460316-14462165	1
0.00226427801855022	0.375046316315027	0.123	0.098	1	chr9-104767142-104768189	1
0.00234501149938139	0.295539587422901	0.187	0.156	1	chr10-23438324-23440533	1
0.00238262833368333	0.331100550633864	0.148	0.119	1	chr1-31669399-31670811	1
0.0024641447096156	0.348435561026896	0.161	0.134	1	chr10-6144152-6145683	1
0.00250168599120038	0.411012588347729	0.104	0.08	1	chr3-57014299-57015763	1
0.00250442168942172	0.288780884105613	0.179	0.148	1	chr15-69996455-69998239	1
0.00251665340890288	0.26073022506537	0.219	0.187	1	chr9-63816752-63818557	1
0.0025175981682164	0.395156997019668	0.117	0.093	1	chr17-80034816-80037479	1
0.00251878028671543	0.328861176454385	0.171	0.144	1	chr19-1097650-1099960	1
0.00252106959628129	0.334130776915509	0.149	0.122	1	chr3-80695697-80698018	1
0.00252813787906142	0.33013825825331	0.173	0.146	1	chr11-18062760-18064458	1
0.00253307059736316	0.375362055764523	0.149	0.124	1	chr2-121735440-121737678	1
0.00253737457384222	0.390690127882958	0.127	0.102	1	chr4-41483439-41486816	1
0.0025428661745969	0.363510819749419	0.12	0.094	1	chr2-106792413-106793500	1
0.0025578496590058	0.364675561526466	0.137	0.111	1	chr10-124727036-124728296	1
0.00258280953828409	0.331703419304851	0.152	0.124	1	chr1-108199308-108201392	1
0.00258639141255535	0.382054177871201	0.103	0.079	1	chr14-65226506-65227752	1
0.0025957242698748	0.33492162778738	0.163	0.136	1	chr3-10758340-10759426	1
0.00263693435062835	0.3476312096967	0.139	0.113	1	chr11-129189623-129192696	1
0.00264247607224217	0.269623573623308	0.23	0.199	1	chr6-10403261-10405767	1
0.00269721761660584	0.404400751554118	0.11	0.086	1	chr8-116802415-116803645	1
0.0027082336852463	0.388237865115399	0.114	0.09	1	chr2-180968754-180970616	1
0.00275998042640295	0.37509839051801	0.124	0.098	1	chr3-15323240-15326832	1
0.00280834132913556	0.381186278468347	0.119	0.094	1	chr18-9613430-9615653	1
0.00281997496138821	0.320105101595456	0.162	0.133	1	chr2-110796348-110797584	1
0.00282612639574886	0.318958697178508	0.159	0.132	1	chr18-31100736-31102771	1
0.00290159649780453	0.348736555862673	0.139	0.112	1	chr1-177588852-177589896	1
0.00291425750142058	0.313765545301082	0.152	0.124	1	chr15-80804731-80805987	1
0.00299924137187175	0.40030141356801	0.113	0.089	1	chr11-116787280-116788708	1
0.00301856004191887	0.388928219149419	0.106	0.083	1	chr17-76102616-76104351	1
0.00303902097141581	0.266861511110279	0.222	0.191	1	chr4-41989634-41991714	1
0.00303956442958718	0.426697453618761	0.103	0.08	1	chr2-3148196-3150468	1
0.00305836535256769	0.328607294139298	0.153	0.126	1	chr14-60222506-60223391	1
0.00308062222590476	0.434306347532423	0.112	0.089	1	chr8-132674791-132677601	1
0.0031190363898243	0.253202457888001	0.233	0.203	1	chr7-87423643-87424883	1
0.00313455816934332	0.352053021678176	0.144	0.118	1	chr9-34610606-34613409	1
0.00313574858691747	0.35702456050327	0.15	0.125	1	chr13-81142157-81143649	1
0.00322998125053601	0.398180945125865	0.101	0.078	1	chr10-47552648-47553845	1
0.00323001669816523	0.376074095769865	0.123	0.099	1	chr1-94252125-94254886	1
0.00324064179193749	0.385946002637618	0.119	0.095	1	chr11-75476136-75477819	1
0.00325264093579778	0.420459132132918	0.11	0.087	1	chr16-67206218-67209682	1
0.00326892654856263	0.432794253573553	0.112	0.089	1	chr6-108684328-108685977	1
0.00333060251592316	0.298004932621085	0.155	0.127	1	chr5-171610457-171611449	1
0.00334229218388036	0.28802361920947	0.18	0.151	1	chr3-69930076-69931326	1
0.00343530220014548	0.339082400467743	0.134	0.109	1	chr4-48130495-48132908	1
0.00345739825939779	0.357805002821054	0.121	0.097	1	chr3-32780802-32781941	1
0.0034594376617626	0.358311719239079	0.129	0.105	1	chr7-151875044-151877950	1
0.00350613225078799	0.354278867719686	0.145	0.119	1	chr1-233613289-233616304	1
0.00354144859863851	0.289190511604516	0.184	0.156	1	chr17-41972396-41973673	1
0.00356317473493211	0.350546698966912	0.123	0.098	1	chr9-111524719-111526135	1
0.00357341666144392	0.404919314288514	0.116	0.093	1	chr3-119278715-119279822	1
0.00358530051558327	0.264001216894742	0.206	0.176	1	chr2-219251655-219254799	1
0.00360634962090518	0.369179337859121	0.136	0.112	1	chr8-56027197-56029285	1
0.0036236083263068	0.37938490952982	0.111	0.087	1	chr3-45779848-45781389	1
0.00369645763052388	0.383990740442172	0.113	0.09	1	chr19-48501178-48502696	1
0.00369697511899586	0.307490486929367	0.163	0.136	1	chr13-99500491-99502487	1
0.0037269794241276	0.453435241327022	0.102	0.08	1	chr14-89855788-89857826	1
0.00373879941444512	0.408060728976241	0.111	0.088	1	chr11-67427538-67429355	1
0.00376227553433317	0.398857135660791	0.101	0.078	1	chr1-50977465-50978793	1
0.00378975628538419	0.326993871705527	0.135	0.109	1	chr8-21743901-21745237	1
0.00380816308207758	0.364039948677898	0.126	0.101	1	chr5-126365355-126366716	1
0.00387612622179094	0.407133321389603	0.106	0.083	1	chr3-159621564-159623002	1
0.00389125862794768	0.352035744063182	0.116	0.092	1	chr3-72229603-72232353	1
0.00394497138180678	0.351712780985896	0.111	0.088	1	chr4-54840598-54844361	1
0.00396819735020219	0.399756045639463	0.112	0.089	1	chr17-50917701-50921152	1
0.00396964853631768	0.345886854761022	0.117	0.093	1	chr1-206469402-206471448	1
0.00409952571651392	0.290101535892621	0.179	0.152	1	chr17-55420546-55422608	1
0.00410067867227417	0.3293341419426	0.131	0.106	1	chr8-21843872-21845515	1
0.00413853528557987	0.259536520987959	0.226	0.197	1	chr1-58618260-58621705	1
0.00426870399968465	0.413999351355683	0.1	0.078	1	chr10-104291240-104292064	1
0.00430136366165733	0.345491656223803	0.121	0.096	1	chr9-37201526-37202796	1
0.00435474605315462	0.409807847196501	0.101	0.078	1	chr10-32360150-32361638	1
0.00436604928171614	0.369052788143607	0.134	0.111	1	chr1-67645417-67647810	1
0.00436622188101143	0.354514620303857	0.116	0.092	1	chr4-37249984-37251434	1
0.00442912957205399	0.340963738552315	0.135	0.11	1	chr3-37542672-37544115	1
0.00445633773169473	0.334808507647463	0.147	0.123	1	chr7-149775789-149780178	1
0.00446180259113642	0.292888759730259	0.151	0.124	1	chr3-53879759-53882666	1
0.00447806545696729	0.388915761550015	0.108	0.086	1	chr16-50099440-50100639	1
0.00456127008714287	0.373050662409241	0.109	0.087	1	chr3-11286919-11289318	1
0.00459221172306976	0.39370502583119	0.113	0.09	1	chr15-74816701-74817977	1
0.00465858948118883	0.258696404369704	0.202	0.173	1	chr17-11996584-11998201	1
0.00467160504184242	0.348003306968236	0.136	0.111	1	chrX-14028972-14030647	1
0.00468418032643274	0.370368396262152	0.109	0.086	1	chr6-121663145-121663924	1
0.0047570336095268	0.395248920556425	0.104	0.082	1	chr5-164637522-164638883	1
0.00475969976714304	0.321958626792182	0.146	0.121	1	chr17-45292803-45295183	1
0.00481912491833243	0.388606415030998	0.104	0.082	1	chr11-2325361-2326384	1
0.00486127439925368	0.316586113958208	0.146	0.121	1	chr15-78208844-78210844	1
0.00487654272835082	0.27587077127461	0.19	0.162	1	chr2-11386910-11390279	1
0.00492289615057919	0.324890002066519	0.149	0.124	1	chr1-100451025-100453545	1
0.00495674796762974	0.294413437030091	0.172	0.146	1	chr11-75420160-75423044	1
0.00496194234528584	0.250065156063512	0.234	0.205	1	chr14-35045008-35047332	1
0.00498606884067922	0.300759918970531	0.177	0.15	1	chr16-87852952-87856896	1
0.00501163942938925	0.417339636562255	0.108	0.086	1	chr8-47379628-47381708	1
0.00502784211003641	0.318400881270589	0.128	0.103	1	chr7-105815847-105817701	1
0.00505615311691322	0.372925023349404	0.11	0.087	1	chr17-66375384-66376494	1
0.00509836417224874	0.274621371207121	0.202	0.176	1	chr17-55432459-55434375	1
0.00511438168478137	0.299769446976611	0.175	0.15	1	chr5-76134081-76135817	1
0.00512294825136198	0.372591288915455	0.119	0.096	1	chr10-34813778-34816182	1
0.00514043146262414	0.387593565830779	0.108	0.086	1	chr3-170907988-170909113	1
0.00522013978929841	0.401235366522075	0.107	0.086	1	chr17-81328567-81330578	1
0.00527389019193587	0.383121755703071	0.111	0.089	1	chr11-88689155-88690358	1
0.00529827034000607	0.380451419238161	0.114	0.092	1	chr5-151447218-151448731	1
0.00531830830599689	0.319470592149509	0.143	0.118	1	chrX-47835765-47837188	1
0.00543159625910985	0.316550502451164	0.145	0.12	1	chr16-66933493-66935944	1
0.00543498597690004	0.271755825809284	0.197	0.171	1	chr9-23598300-23599858	1
0.005517577959447	0.370390231251882	0.115	0.092	1	chr9-15276080-15278225	1
0.0055386447146885	0.289362257130409	0.182	0.156	1	chr10-119871451-119873787	1
0.00559430255638937	0.351209357891101	0.123	0.1	1	chr8-102685133-102686654	1
0.00563647549979294	0.376826023017316	0.109	0.087	1	chr7-74993404-74994565	1
0.0056842243996881	0.299395024780985	0.16	0.134	1	chr15-55992841-55994553	1
0.00571960640885476	0.335448762477226	0.148	0.124	1	chr10-79264475-79265856	1
0.00572114628745264	0.329516919418918	0.15	0.125	1	chr15-69552987-69555296	1
0.00581371030520425	0.342095387197256	0.135	0.111	1	chr20-36152556-36155400	1
0.00599954521806132	0.250440606479721	0.204	0.176	1	chr13-79405011-79407580	1
0.00607296240590741	0.283377902195682	0.167	0.142	1	chr1-114779748-114781217	1
0.00608396595083624	0.356049968023992	0.127	0.105	1	chr3-59663940-59665422	1
0.00610075394808518	0.314671385610735	0.149	0.124	1	chr5-32887003-32889633	1
0.00619452023013714	0.37588360314136	0.11	0.088	1	chr6-31701968-31704009	1
0.00622187954019002	0.279524562070005	0.173	0.147	1	chr2-134491279-134492717	1
0.00625112270707722	0.348603471777435	0.117	0.094	1	chr8-80366666-80367838	1
0.00636129761511043	0.275369443758962	0.174	0.149	1	chr5-143140390-143141595	1
0.00638225734629707	0.351817945899346	0.116	0.094	1	chr4-149708284-149710160	1
0.00641106979536033	0.305438009438788	0.137	0.113	1	chr2-230219376-230220794	1
0.00643818207722962	0.298631915237744	0.168	0.143	1	chr8-71058446-71060177	1
0.00644117620135584	0.371762659836276	0.106	0.085	1	chr12-70549397-70550512	1
0.00660928642245999	0.362487913330095	0.108	0.086	1	chrX-135097819-135099483	1
0.00664003575835486	0.264996450254725	0.194	0.166	1	chr15-79314564-79318185	1
0.00672306385563598	0.317659690997167	0.142	0.119	1	chr4-94428675-94430157	1
0.00674001107510939	0.332339604601331	0.121	0.098	1	chr7-16812792-16814773	1
0.00686443606748093	0.251222888312548	0.178	0.15	1	chr1-46516081-46517953	1
0.00688697086621424	0.380061396881477	0.111	0.089	1	chr1-201373784-201382780	1
0.00688866596375106	0.340540409098964	0.135	0.112	1	chr11-95923470-95925414	1
0.00692097837512025	0.359703258234169	0.113	0.092	1	chr13-36818572-36820425	1
0.00692994965223832	0.351462730312562	0.119	0.097	1	chr13-52616681-52618277	1
0.00695543622939201	0.301077263861862	0.154	0.13	1	chr1-47380488-47381401	1
0.0070204301668562	0.275345792818112	0.18	0.154	1	chr14-51650757-51653552	1
0.00714761991735357	0.332687906786495	0.133	0.111	1	chr9-5359932-5361212	1
0.0071527968996172	0.329667774087307	0.114	0.092	1	chr1-47780633-47781925	1
0.00715736792423827	0.36192999522868	0.131	0.109	1	chr14-49851713-49854233	1
0.00718629315384041	0.312687982957377	0.138	0.114	1	chr1-229269538-229272867	1
0.00723559997717812	0.280003867853569	0.176	0.15	1	chr7-5045245-5046785	1
0.00728562568454392	0.271251724805338	0.161	0.135	1	chr15-96325500-96327857	1
0.00730336955530528	0.274038280415243	0.168	0.143	1	chrX-120559780-120562059	1
0.00731857637680682	0.325127230677412	0.134	0.111	1	chr4-183759856-183760940	1
0.0073378500331343	0.260759186938097	0.199	0.174	1	chr11-3130032-3131324	1
0.00736176180712084	0.368324555818554	0.105	0.084	1	chr16-15874051-15875295	1
0.00743186708514991	0.330889904141747	0.123	0.101	1	chr8-142668816-142670648	1
0.00744598835572854	0.305005781892148	0.15	0.127	1	chr3-14452269-14453613	1
0.0074626813343345	0.304912586264932	0.124	0.1	1	chr12-91661491-91665022	1
0.00751090473622051	0.274666346783341	0.199	0.174	1	chr1-201459985-201462084	1
0.00756618436506272	0.287788853474648	0.166	0.141	1	chr6-35414639-35416132	1
0.00757505261010902	0.327653017635846	0.138	0.115	1	chr6-150876223-150877229	1
0.00758491370751607	0.263291391571413	0.157	0.13	1	chr6-127458263-127460277	1
0.00760391250781055	0.310955435776746	0.153	0.129	1	chr6-163412957-163417188	1
0.00760937715774974	0.283335156378972	0.194	0.169	1	chr1-62687123-62689257	1
0.0077350017802843	0.342673007083302	0.112	0.09	1	chr11-93566941-93568170	1
0.00775967721526782	0.293588190445481	0.147	0.123	1	chr2-196925587-196927581	1
0.00777852359867478	0.283825563727531	0.193	0.168	1	chr10-7817262-7819751	1
0.00820653322886689	0.35461817323813	0.1	0.08	1	chr11-1502699-1504443	1
0.00821517523732006	0.267546639489095	0.179	0.154	1	chr7-8290035-8292140	1
0.00821756307168148	0.374801418399949	0.107	0.087	1	chr7-42176073-42177952	1
0.00829739619148817	0.366561563687517	0.107	0.086	1	chr5-164972029-164973807	1
0.00838584133009782	0.314770335659444	0.143	0.12	1	chr4-95106974-95109742	1
0.0084643029277899	0.281196316091983	0.156	0.131	1	chrX-48520888-48522580	1
0.0086148887581024	0.274553817642888	0.155	0.13	1	chr1-200619712-200621623	1
0.00863479745087354	0.355137242493832	0.108	0.087	1	chr3-191475857-191477837	1
0.00868560702927564	0.389997790956172	0.103	0.084	1	chr18-11849990-11852342	1
0.00871171876268523	0.32802539255772	0.116	0.094	1	chr2-27889783-27891495	1
0.00872723124491914	0.328062296180911	0.136	0.114	1	chr2-99180581-99183384	1
0.00874993229713314	0.29044567078765	0.126	0.102	1	chr3-139915968-139917323	1
0.00886398750137335	0.35068808027473	0.13	0.108	1	chr6-145189445-145190713	1
0.00893791949114813	0.331711307720856	0.159	0.137	1	chr19-1256549-1263050	1
0.00894619010039515	0.302594766717276	0.142	0.119	1	chr6-146904557-146906303	1
0.0090012053886636	0.292711740309083	0.151	0.128	1	chr6-138571254-138573240	1
0.00902040885927051	0.296729890142912	0.167	0.144	1	chr5-135232699-135235647	1
0.00902467447742377	0.250668067323261	0.187	0.161	1	chr19-18464113-18465635	1
0.00903413840184039	0.309901801952384	0.107	0.085	1	chr9-21413758-21416588	1
0.00907242247765825	0.296135560371782	0.151	0.128	1	chr12-115398065-115399080	1
0.00908103899068953	0.336276383539516	0.128	0.106	1	chr1-1889419-1893002	1
0.00926817710032413	0.256698799510634	0.164	0.139	1	chr4-88318143-88321619	1
0.0093401151738502	0.330996770894211	0.12	0.098	1	chr19-5826595-5829471	1
0.00936939790992525	0.365334793038122	0.101	0.081	1	chr17-28945342-28947679	1
0.0094043106039254	0.270086834138995	0.191	0.168	1	chr1-244704894-244706736	1
0.00944106375920189	0.263139635310126	0.201	0.176	1	chr7-24978896-24982302	1
0.00947550701288569	0.290627076097996	0.145	0.122	1	chr9-111660955-111664386	1
0.00960504494226746	0.3423595435482	0.116	0.095	1	chr1-182317225-182318728	1
0.00984117132184054	0.362539628757467	0.108	0.088	1	chr1-89261424-89263133	1
0.00985909945466557	0.267142319547781	0.152	0.128	1	chr16-25106241-25107678	1
0.00990033828623155	0.255415353670705	0.199	0.174	1	chr10-133257212-133259872	1
0.0099119984104807	0.329491075872421	0.137	0.115	1	chr7-140923330-140925495	1
0.00999107268667979	0.342272155016433	0.119	0.098	1	chr7-142812783-142815600	1
0.0099982393773332	0.349092004069281	0.104	0.084	1	chr2-25085939-25086846	1
0.00999977555876009	0.345121483909353	0.103	0.083	1	chr14-37278518-37279548	1
0.0101308816244281	0.311584699684025	0.143	0.122	1	chr19-47111989-47114062	1
0.010149268341426	0.299811122073233	0.144	0.121	1	chr16-81313632-81316415	1
0.0102039670041722	0.277267601576453	0.162	0.139	1	chr8-43050271-43051450	1
0.0102259367314791	0.315109085233975	0.128	0.106	1	chr12-131928380-131930889	1
0.0102509039409981	0.271608999095447	0.182	0.158	1	chr10-109647427-109651142	1
0.0102527957728238	0.352573119784239	0.114	0.094	1	chr14-93084557-93087083	1
0.0102637211870001	0.338920832287261	0.104	0.084	1	chr11-12729607-12730673	1
0.0102977032851758	0.356658918157091	0.11	0.089	1	chr2-14542910-14543999	1
0.0104591604457486	0.299569328287797	0.147	0.125	1	chr5-95283525-95285674	1
0.0104662011355766	0.300423549047179	0.146	0.124	1	chr3-138725972-138728689	1
0.0104792174572645	0.279225128921556	0.186	0.164	1	chr22-32042592-32045725	1
0.0105306812730372	0.267725387574315	0.183	0.159	1	chr3-148990960-148992938	1
0.0106758837470885	0.325309086127691	0.107	0.086	1	chr11-42950820-42951926	1
0.0107066253653419	0.343467710377635	0.108	0.088	1	chr16-23595035-23596865	1
0.0107810636915112	0.383305955729165	0.105	0.086	1	chr5-115305828-115306679	1
0.0107826223960856	0.353842418218712	0.1	0.08	1	chr7-140417587-140418767	1
0.0108173647973796	0.34820923986537	0.111	0.09	1	chr14-100439009-100441278	1
0.0108396907036907	0.334138933485542	0.11	0.09	1	chr1-110214093-110215474	1
0.0109025823734264	0.283006371373539	0.157	0.134	1	chr3-40924274-40925686	1
0.0109287788595857	0.323927670310005	0.123	0.102	1	chr22-31495857-31497288	1
0.0110852020190232	0.305980546365737	0.141	0.118	1	chr1-3794845-3797523	1
0.0112361428060718	0.262704025100867	0.142	0.119	1	chr16-30956657-30958955	1
0.0112509948626839	0.295699867947842	0.15	0.128	1	chr5-33721228-33722918	1
0.0113098189653395	0.335279333598296	0.126	0.105	1	chr1-212146611-212148332	1
0.0113239882634516	0.304961461793092	0.148	0.125	1	chr7-104205757-104208786	1
0.0113320237422031	0.368509189960605	0.102	0.082	1	chr5-88562566-88563537	1
0.011381374939383	0.276059851521979	0.15	0.127	1	chr18-21611771-21613492	1
0.0114802190855518	0.260031355760885	0.156	0.133	1	chr5-72878686-72880215	1
0.0115496130690422	0.27706831918263	0.158	0.135	1	chr10-987428-989589	1
0.0115777299524811	0.315761221039247	0.122	0.101	1	chr6-7893973-7895626	1
0.0116446920637173	0.315134991716064	0.105	0.084	1	chr7-11969006-11970819	1
0.0116738952826276	0.27225896518903	0.152	0.129	1	chr9-96030833-96032145	1
0.0117305915747702	0.351401987758248	0.1	0.08	1	chr1-235843128-235843852	1
0.0118356104176399	0.3307393838908	0.122	0.102	1	chrX-130267786-130269243	1
0.0119206969672214	0.289753112807698	0.135	0.113	1	chr11-130434227-130435553	1
0.01223591936416	0.265957746764103	0.179	0.156	1	chr19-49361165-49364285	1
0.012336228771851	0.258953719112562	0.169	0.145	1	chr20-58650560-58653236	1
0.0123802930363078	0.250799506871926	0.164	0.139	1	chr7-105829571-105831155	1
0.0124719424570859	0.330850429936689	0.129	0.108	1	chr12-132621939-132624401	1
0.0125555460837407	0.352837227349681	0.106	0.087	1	chr11-47980103-47982348	1
0.0125681923181325	0.301294651847624	0.136	0.115	1	chr4-51858198-51860193	1
0.0125739718101516	0.339842732567827	0.107	0.088	1	chr1-232950014-232951721	1
0.0126510235378475	0.312735317368389	0.129	0.108	1	chr19-12932692-12934264	1
0.0128362944799616	0.335509001041908	0.103	0.084	1	chr1-36155325-36157516	1
0.0128454990029	0.331187468803857	0.125	0.105	1	chr15-48414664-48415955	1
0.0130668206729329	0.315781523558374	0.146	0.125	1	chr7-130667794-130669596	1
0.0131141244500471	0.262587407083187	0.161	0.139	1	chr2-233251092-233253587	1
0.013164815818913	0.325606112255214	0.139	0.118	1	chr22-31661004-31662833	1
0.0132700692987638	0.335907138976298	0.108	0.088	1	chr14-51751642-51752666	1
0.0132713000341037	0.27562463682107	0.14	0.117	1	chr8-41541473-41543835	1
0.0132938428324982	0.325401955872587	0.116	0.096	1	chr17-28661474-28662954	1
0.0133097504881012	0.306424112398578	0.135	0.114	1	chr1-230863079-230864702	1
0.0133215461812567	0.31214943206205	0.104	0.084	1	chr11-57459798-57461442	1
0.0133910971783972	0.310338303530802	0.131	0.109	1	chr8-141153540-141154810	1
0.0134680846773361	0.380306601054054	0.102	0.084	1	chr19-12783692-12787407	1
0.0134713840042563	0.317396098087151	0.131	0.111	1	chr7-1568879-1571264	1
0.0135175109040715	0.289995163475784	0.164	0.142	1	chr6-15948868-15950687	1
0.0135335720015309	0.338461256138514	0.103	0.083	1	chr18-57131371-57132660	1
0.0137462455277938	0.337529691324893	0.11	0.09	1	chr10-45594064-45595538	1
0.0138073273311526	0.333908214615722	0.122	0.102	1	chr5-55232849-55235676	1
0.0138736877537928	0.302716944068047	0.159	0.138	1	chr5-170861528-170863335	1
0.0139425443504447	0.273148730286233	0.159	0.137	1	chr8-38467457-38469107	1
0.0140069345483452	0.289526976395513	0.142	0.121	1	chr5-154700538-154702273	1
0.0140090210739478	0.306411671394032	0.109	0.089	1	chr6-3258417-3260283	1
0.0143020227284841	0.261183718894453	0.154	0.131	1	chr16-11756953-11758550	1
0.0143306712236727	0.393965388014379	0.101	0.082	1	chr6-121141313-121142970	1
0.0144549310291653	0.302794815113311	0.117	0.097	1	chr15-101348549-101349819	1
0.0144566478540177	0.347141626415424	0.102	0.083	1	chr3-196792574-196793825	1
0.0145658294367425	0.343364501643299	0.106	0.087	1	chr7-123795610-123796647	1
0.0145971982903428	0.32525586791709	0.12	0.1	1	chr3-194583426-194584787	1
0.0147333913253616	0.298444167313397	0.136	0.115	1	chr2-180006255-180007785	1
0.0147948031066037	0.310142481627846	0.118	0.098	1	chr1-171565766-171567081	1
0.0149356666815068	0.404488122033461	0.1	0.083	1	chr6-52576351-52577850	1
0.0149801279774905	0.338445741758027	0.109	0.09	1	chr7-37856673-37858022	1
0.0150446429285098	0.292821132152784	0.129	0.108	1	chr8-22164225-22166076	1
0.0150803713635159	0.279575368255266	0.159	0.136	1	chr17-81364811-81366642	1
0.0150850860338862	0.300635748496934	0.121	0.1	1	chr15-100525632-100526700	1
0.0150973691878461	0.32674978085224	0.123	0.103	1	chr11-73227234-73229070	1
0.0151123418565167	0.2531661919194	0.152	0.129	1	chr9-15510132-15511767	1
0.0151269315006473	0.33496069742375	0.118	0.099	1	chr6-106628578-106630752	1
0.0152121409978336	0.311421851291702	0.136	0.116	1	chr20-53591239-53595105	1
0.0152301786823628	0.273330411546616	0.149	0.127	1	chr5-56421260-56423332	1
0.0153501789459971	0.324740531363013	0.116	0.096	1	chr11-6418648-6419955	1
0.0153576123977571	0.317134936172762	0.11	0.091	1	chr14-67546938-67547999	1
0.0154926245122669	0.323274099576406	0.102	0.083	1	chr7-104977997-104980544	1
0.0155651419483875	0.381485581996476	0.101	0.083	1	chr3-16456614-16457556	1
0.0156436624720206	0.359479073839443	0.102	0.084	1	chr13-49584644-49586543	1
0.0156594731381611	0.265619901577825	0.156	0.133	1	chr11-68831044-68833571	1
0.0156594775746552	0.258815321667548	0.213	0.194	1	chr20-57707716-57711604	1
0.0156724325174692	0.29730581001096	0.15	0.128	1	chr17-57356723-57358595	1
0.0156842046586318	0.296742296515429	0.137	0.116	1	chr3-138113274-138116344	1
0.0159646166227885	0.319689102419118	0.116	0.096	1	chr16-83714782-83716111	1
0.0163380933479053	0.288377859818877	0.14	0.119	1	chr20-25861141-25864045	1
0.0163627162253931	0.313216359130003	0.125	0.105	1	chr22-30634309-30636493	1
0.0164442043111549	0.273369802737933	0.132	0.111	1	chr18-36693741-36694814	1
0.0165567094330393	0.261665167394606	0.155	0.133	1	chr1-42034765-42036548	1
0.0165616482545631	0.313293147043593	0.106	0.087	1	chr3-175126866-175127975	1
0.0167056686548965	0.30186629337565	0.134	0.114	1	chr1-185696285-185697703	1
0.0169210990509881	0.267434919090211	0.188	0.167	1	chr1-206908610-206910227	1
0.0169793188526573	0.300551900330752	0.149	0.13	1	chr12-123711438-123714280	1
0.0170042116025427	0.313520387653763	0.116	0.096	1	chr1-219173383-219175563	1
0.0170516059117755	0.322532296387839	0.101	0.082	1	chr10-25080720-25081819	1
0.0171418413825872	0.2958519011206	0.121	0.1	1	chr8-48693288-48694530	1
0.0171655966292561	0.296936486795746	0.134	0.114	1	chr1-226185198-226187346	1
0.0173914959452471	0.349083574486236	0.101	0.082	1	chr6-13327678-13329206	1
0.0174692790376229	0.330824123170839	0.101	0.082	1	chr10-3067159-3069440	1
0.017538152215938	0.285986245071852	0.124	0.105	1	chr9-88533941-88535790	1
0.0176003094971031	0.282283010323526	0.144	0.124	1	chr18-46915732-46918236	1
0.0176771851368892	0.304429701133644	0.123	0.103	1	chr12-8037967-8039509	1
0.0178166393441803	0.337080806143224	0.103	0.085	1	chr17-83173955-83175152	1
0.0178454705965669	0.327111262839862	0.104	0.085	1	chr4-39044114-39045809	1
0.0179894674942645	0.280602301986024	0.176	0.155	1	chrX-53421741-53423519	1
0.0180940421716954	0.270354719306718	0.131	0.111	1	chr2-159614820-159616755	1
0.0182392304779902	0.317914311724814	0.105	0.086	1	chr3-185365011-185365914	1
0.0182873411088816	0.260100981822788	0.158	0.136	1	chr3-184710702-184712812	1
0.0186391645431866	0.274900371829878	0.15	0.129	1	chr7-140061926-140063508	1
0.0188614555601933	0.320879430189759	0.123	0.104	1	chr17-18780729-18781697	1
0.0189862267692832	0.274252821358828	0.141	0.121	1	chr10-99731638-99733163	1
0.0190601811938361	0.293060997827509	0.137	0.118	1	chr13-98142619-98145464	1
0.0191060315102236	0.319525589126705	0.121	0.103	1	chr7-16298723-16300637	1
0.0191514403711875	0.292963773503607	0.106	0.088	1	chr6-11434004-11435526	1
0.0192067580533644	0.265399643361476	0.18	0.159	1	chr20-50019160-50020672	1
0.0194472293880738	0.309820648917144	0.126	0.107	1	chr7-128530393-128532616	1
0.0194780018160293	0.352108926114417	0.106	0.088	1	chr2-128316689-128319445	1
0.0195877100829294	0.276548604070192	0.139	0.119	1	chr3-141659683-141661034	1
0.0196829665065125	0.285042857647672	0.113	0.094	1	chr12-94677358-94678539	1
0.0197135611098087	0.308828841902876	0.12	0.1	1	chr4-74444666-74446007	1
0.019737900359589	0.329142200335772	0.104	0.086	1	chr3-138897893-138899079	1
0.0198108920762553	0.264760811471827	0.143	0.122	1	chr18-48615417-48617450	1
0.0198385120209398	0.323574106244041	0.116	0.097	1	chr21-36245592-36246959	1
0.0198889312970439	0.272980975365898	0.135	0.115	1	chr1-201702767-201704799	1
0.0201112986359744	0.291592037637871	0.127	0.108	1	chr9-25602008-25603093	1
0.0201533089791302	0.262766299636044	0.123	0.102	1	chr4-8533781-8535040	1
0.0204345971838204	0.329674756424735	0.115	0.096	1	chr9-22537096-22540308	1
0.0205336901284453	0.287646847104121	0.153	0.133	1	chr8-143290414-143292284	1
0.0205403513170271	0.251182812439217	0.146	0.125	1	chr4-38091153-38092622	1
0.0207145434385507	0.283890218347981	0.126	0.106	1	chr2-130836117-130837701	1
0.0207149830635661	0.314220950418924	0.11	0.092	1	chr1-85200011-85204308	1
0.0209471772172119	0.267086521438079	0.128	0.107	1	chr1-224112958-224115183	1
0.0211416557521966	0.30512865041	0.105	0.087	1	chr2-32038958-32040466	1
0.021201962250666	0.259571888621552	0.156	0.135	1	chr11-80280435-80281949	1
0.0214280043705275	0.279906691421413	0.135	0.115	1	chr1-965780-968684	1
0.0215195028776824	0.254357722954013	0.176	0.155	1	chr4-17510586-17513147	1
0.0216109724109826	0.330042516091798	0.108	0.09	1	chr2-35650980-35652595	1
0.0218497124600645	0.300619143576422	0.128	0.109	1	chr6-2970507-2972389	1
0.0219116915729105	0.258608778701642	0.145	0.124	1	chr10-110501021-110504910	1
0.0222623739500409	0.288907670066207	0.143	0.124	1	chr17-67376767-67379489	1
0.0224155267382644	0.272863724833518	0.113	0.093	1	chr3-161599410-161600656	1
0.0224597255691337	0.290102434618774	0.128	0.109	1	chr3-161220546-161222108	1
0.0225748503265688	0.252725919121618	0.182	0.162	1	chrX-40580056-40581723	1
0.0226858780690328	0.292639229162724	0.126	0.107	1	chr3-187639889-187642155	1
0.0227620498861815	0.289359030917353	0.105	0.086	1	chr7-73667349-73668395	1
0.0228231816589983	0.318065092289747	0.124	0.106	1	chr10-6088437-6090666	1
0.0228848334191934	0.287014219885278	0.101	0.082	1	chr15-97983598-97984814	1
0.023160234381062	0.290379942710069	0.126	0.107	1	chr3-133985813-133986905	1
0.0232321682651169	0.294138347570122	0.116	0.097	1	chr7-107563077-107564845	1
0.0233227191173639	0.300368332217265	0.109	0.09	1	chr9-131095975-131097985	1
0.023495789620652	0.271322543960688	0.113	0.094	1	chr8-140153407-140154616	1
0.0235070504845875	0.270425361565506	0.138	0.118	1	chr4-113901687-113902802	1
0.023545671774927	0.341100934821282	0.109	0.092	1	chr7-70693474-70695657	1
0.0245535675384252	0.271196112379004	0.136	0.117	1	chr20-23637104-23638369	1
0.0248873691218271	0.258457744257133	0.132	0.112	1	chr12-75784127-75785325	1
0.0253000805582977	0.283094502237957	0.126	0.107	1	chr10-71212015-71213806	1
0.0253819215941078	0.286026020562047	0.118	0.099	1	chr5-21494283-21496102	1
0.0254615915482993	0.255670364301296	0.141	0.121	1	chr18-9333818-9335546	1
0.0254870607789566	0.306202755463317	0.103	0.086	1	chr20-62357927-62359477	1
0.0255536152202021	0.268999603447292	0.138	0.118	1	chr10-73591144-73593159	1
0.0256477679346703	0.286958690650698	0.106	0.088	1	chr9-119801297-119803349	1
0.0257137322292521	0.328617623386674	0.101	0.084	1	chr11-84437055-84438272	1
0.025728313745454	0.263684850156978	0.12	0.101	1	chr3-183427826-183429327	1
0.025733683820226	0.316394277420453	0.106	0.089	1	chr20-33672532-33675314	1
0.0257410955920943	0.275115133000294	0.125	0.106	1	chr2-10302151-10304319	1
0.0257905613975926	0.352373957270215	0.102	0.085	1	chr13-96104261-96105495	1
0.0258284053352543	0.295898376209937	0.108	0.09	1	chr3-132218277-132219931	1
0.0259085764843983	0.265199466389311	0.109	0.09	1	chr3-191473396-191474952	1
0.0259484286874763	0.279542327875272	0.12	0.102	1	chr15-40409268-40410106	1
0.0259972651144949	0.2728875133205	0.123	0.103	1	chr11-47184532-47187105	1
0.0260186073367221	0.28400801351987	0.106	0.088	1	chr4-102757532-102758960	1
0.026137462449727	0.318092315236486	0.113	0.096	1	chr17-40120877-40124900	1
0.0261715189033106	0.303465711443852	0.103	0.086	1	chr3-58470839-58472043	1
0.026192675867929	0.254047157900102	0.148	0.127	1	chr5-168589653-168592634	1
0.0262008966586062	0.286376924921725	0.124	0.106	1	chr10-18650439-18652297	1
0.0263027450341468	0.279224090019246	0.112	0.094	1	chr3-102088691-102090762	1
0.0267283099120526	0.298862460926203	0.101	0.083	1	chr2-149069154-149071772	1
0.0267720376198544	0.264655928992855	0.147	0.128	1	chr14-45003654-45004647	1
0.0267855460649127	0.313726112182794	0.102	0.085	1	chr22-50250082-50252746	1
0.0269731753020956	0.309574355970723	0.101	0.084	1	chr3-4771783-4773139	1
0.0271808718252063	0.289313867624738	0.119	0.101	1	chr3-133661199-133662800	1
0.0271851043605011	0.296705763047515	0.103	0.085	1	chr10-28495975-28497188	1
0.0274100633834848	0.278905178547546	0.107	0.089	1	chr12-4604516-4605388	1
0.027410490767867	0.251935582996495	0.13	0.11	1	chr7-117383689-117387191	1
0.0274427800412872	0.25905179483376	0.14	0.12	1	chr20-31942126-31944467	1
0.0276821055982022	0.308948061750533	0.111	0.094	1	chr1-161088580-161090196	1
0.0277861924012472	0.295873338602529	0.121	0.102	1	chr6-119347663-119351334	1
0.0280326137715856	0.252722319589739	0.131	0.112	1	chr15-76189844-76191641	1
0.0280601872721297	0.298876831581018	0.107	0.089	1	chr4-81021310-81022422	1
0.0281661238817332	0.262049194332777	0.139	0.12	1	chr20-14093177-14094319	1
0.0281868559067097	0.2827893181605	0.135	0.117	1	chr9-122827469-122829093	1
0.0282814609531332	0.273012489955339	0.115	0.096	1	chr3-159763146-159765783	1
0.028329292939199	0.322531415306863	0.112	0.095	1	chr1-171644731-171646474	1
0.028618552818775	0.26157706194571	0.139	0.12	1	chr2-85611136-85612728	1
0.0286438956455247	0.29743389777969	0.104	0.087	1	chr1-116109730-116112520	1
0.028673622694485	0.257970032047168	0.157	0.138	1	chr3-14419783-14420925	1
0.0287668372765724	0.315768163193241	0.105	0.088	1	chr9-93342077-93343085	1
0.0290723968566621	0.265433218823239	0.151	0.132	1	chr3-113896844-113897994	1
0.0292410860478037	0.312018180809539	0.103	0.086	1	chr18-8609035-8610796	1
0.0293958832093727	0.268920728775035	0.124	0.106	1	chr22-42804549-42806471	1
0.0297602837693738	0.318964498849401	0.112	0.095	1	chr2-108635878-108636998	1
0.0297918912205652	0.292792596608522	0.119	0.102	1	chr14-25370532-25372395	1
0.029849408770611	0.264813993318251	0.127	0.108	1	chr5-112884669-112885979	1
0.0299625339606146	0.311807885508598	0.122	0.105	1	chr5-154722925-154725021	1
0.0300661494318154	0.307295324002225	0.1	0.083	1	chr8-74488246-74489473	1
0.030137111331847	0.291435647970372	0.115	0.098	1	chr1-88946801-88948188	1
0.0301509744035433	0.282448364558314	0.116	0.099	1	chr8-26448801-26450447	1
0.0304521220985296	0.317014411474525	0.108	0.092	1	chr12-38138092-38139402	1
0.030575218472967	0.293469850204195	0.104	0.086	1	chr7-151694594-151695852	1
0.030683789723528	0.271602986606577	0.134	0.116	1	chr7-69780245-69782231	1
0.0307835563396061	0.258315263065359	0.154	0.135	1	chr21-25606731-25608930	1
0.0308953033615246	0.275874496945922	0.138	0.119	1	chr10-29734781-29737351	1
0.0309139077919823	0.282555511940475	0.126	0.108	1	chr16-31700190-31701179	1
0.0309442012478872	0.26849932958999	0.131	0.113	1	chr3-9098314-9099237	1
0.0310469297146776	0.30085251119648	0.101	0.085	1	chr12-52633879-52634995	1
0.0312942767105877	0.306720909969553	0.101	0.084	1	chr8-9101754-9103516	1
0.031512630272036	0.309752799656037	0.102	0.086	1	chr11-110710903-110712773	1
0.0319991600693479	0.277468462767444	0.101	0.084	1	chr3-61634441-61635349	1
0.032030192615428	0.269719883213651	0.116	0.098	1	chr3-57307988-57309126	1
0.0324228529192925	0.287615664013807	0.113	0.095	1	chr2-134815342-134816555	1
0.0326861000588732	0.26429264748866	0.136	0.117	1	chr6-110414698-110416227	1
0.0327500248712885	0.301844484393204	0.114	0.097	1	chr8-62522840-62524079	1
0.0330925291140414	0.288822142026197	0.115	0.098	1	chr12-116954632-116956496	1
0.0332164948277287	0.276438123712969	0.108	0.091	1	chr1-48469745-48471095	1
0.0333906176750613	0.251132570148248	0.125	0.106	1	chr12-123061823-123065003	1
0.0339771604636189	0.285990205535392	0.109	0.092	1	chr12-57905004-57906128	1
0.0340385239448012	0.253264022079947	0.131	0.112	1	chr20-35146462-35148203	1
0.0340849506023964	0.272957283208337	0.135	0.118	1	chr1-52551508-52554063	1
0.0346341964853311	0.270506151761048	0.103	0.086	1	chr1-189774462-189775528	1
0.0346795361678273	0.27977539601812	0.126	0.108	1	chr7-704974-706252	1
0.0347352662484058	0.284862229821093	0.102	0.085	1	chr16-89363567-89365380	1
0.0350822271584291	0.26540041710277	0.136	0.118	1	chr3-46970141-46971508	1
0.0355514705183639	0.281146197585445	0.112	0.095	1	chr11-123510878-123511730	1
0.0362485447303558	0.309286847015529	0.106	0.089	1	chr17-56867634-56869085	1
0.0362751331488824	0.301492329860914	0.101	0.086	1	chr11-69122258-69123491	1
0.0370444234670641	0.328554084393024	0.101	0.085	1	chr22-46374700-46375854	1
0.0371534652929592	0.260882400252356	0.127	0.109	1	chrX-47658345-47659726	1
0.0371869821742084	0.295470747425267	0.107	0.09	1	chr1-109781747-109783990	1
0.0374085049567594	0.292037933485251	0.113	0.096	1	chr7-87058942-87060328	1
0.0379806610967207	0.25703154424091	0.136	0.118	1	chr5-36243648-36244903	1
0.0388561941029581	0.283465145782464	0.128	0.112	1	chr12-81594677-81597289	1
0.0392480189175824	0.273927206854484	0.121	0.105	1	chr1-53889165-53890636	1
0.0394738818735559	0.263126139402365	0.116	0.099	1	chr5-11853569-11855428	1
0.0395666340117248	0.256897328023215	0.114	0.097	1	chr16-2497027-2499618	1
0.0397442600910212	0.271010152688779	0.101	0.084	1	chr17-1489945-1492316	1
0.0398466081576224	0.271336028099133	0.122	0.105	1	chr17-34979910-34982158	1
0.0398583760466691	0.293855117534048	0.109	0.094	1	chr2-112254339-112255532	1
0.0398795817077722	0.257394456692147	0.126	0.109	1	chr22-28821376-28823917	1
0.0399112462619927	0.25068864420015	0.108	0.091	1	chr2-127226186-127227356	1
0.040847168129018	0.262122093987721	0.111	0.094	1	chr12-113334496-113335680	1
0.0408919508460998	0.283450331173004	0.147	0.13	1	chr1-10673385-10678311	1
0.0410309889283056	0.263845690383402	0.121	0.104	1	chr9-78166839-78168112	1
0.0411543273434092	0.270125005762557	0.103	0.087	1	chr1-208054412-208057395	1
0.0411737925907835	0.294342635875789	0.112	0.096	1	chr11-84987349-84988506	1
0.0414394534887424	0.273721336875816	0.118	0.102	1	chr5-103359430-103361047	1
0.0418588332412608	0.280914784876544	0.116	0.1	1	chr6-150746976-150749644	1
0.0419065289488953	0.300215596447549	0.103	0.088	1	chr19-35898295-35901083	1
0.0420662536107626	0.270665421641726	0.1	0.084	1	chr2-131801643-131802984	1
0.0421989705430833	0.250500322094286	0.141	0.123	1	chr15-45634219-45636129	1
0.042225539079693	0.274466638264149	0.123	0.107	1	chr8-108205710-108207453	1
0.0424349415342933	0.26838587226284	0.106	0.09	1	chr21-16371746-16380532	1
0.0425475375274913	0.254439806237218	0.157	0.14	1	chr2-20650165-20652049	1
0.0428170339785202	0.28515192429408	0.106	0.09	1	chr1-205946513-205947672	1
0.0428394270166174	0.274809050643856	0.112	0.095	1	chr16-85514173-85516506	1
0.0429663424238826	0.283255436419962	0.114	0.098	1	chr3-64547921-64549244	1
0.0430070037213556	0.2748475117864	0.104	0.088	1	chr11-61586773-61588705	1
0.0438315268938493	0.274212104537065	0.111	0.095	1	chr2-230864322-230865464	1
0.0442302686149991	0.266630570043608	0.113	0.097	1	chr1-41442419-41443592	1
0.0454364198278004	0.26076875191485	0.1	0.084	1	chr3-39176946-39178463	1
0.0460480135763552	0.283181030052479	0.109	0.093	1	chr7-99142842-99145021	1
0.0460933624096053	0.25673727584264	0.122	0.105	1	chr16-57815980-57817028	1
0.0463004979481712	0.255221960776414	0.125	0.108	1	chr20-45418764-45420346	1
0.0465736071159433	0.265112981103115	0.125	0.109	1	chr14-43778434-43779752	1
0.0465833230990338	0.265021202784727	0.109	0.093	1	chr13-106958236-106960989	1
0.0468921116449559	0.286331066380695	0.102	0.086	1	chr5-59843235-59844264	1
0.0477666695635746	0.251654067597523	0.111	0.094	1	chr5-35187579-35188942	1
0.0478229746047539	0.289059339775752	0.101	0.086	1	chr4-10917216-10918499	1
0.047955971035907	0.290543848333019	0.103	0.089	1	chr1-94854138-94855556	1
0.0496674163701939	0.259058404516758	0.112	0.096	1	chr2-71275957-71278229	1
0.0508882809808504	0.256011113925646	0.108	0.092	1	chr9-129822981-129824565	1
0.0517523919796158	0.301741707757039	0.105	0.09	1	chr4-82676827-82678242	1
0.0517617549981483	0.264200266545457	0.103	0.088	1	chr3-78420219-78421334	1
0.0531404698148353	0.251229594848847	0.126	0.11	1	chr11-16924389-16926110	1
0.0536350207047259	0.283610727368869	0.104	0.089	1	chr20-22058243-22060134	1
0.0536955232789665	0.290933297240667	0.101	0.087	1	chr5-33241745-33243798	1
0.0541363836725718	0.261811057891931	0.115	0.099	1	chr10-21516117-21518532	1
0.0543339476020828	0.264008206670488	0.113	0.098	1	chr1-84192444-84195071	1
0.0554358363574451	0.272860168284477	0.14	0.124	1	chr3-50163603-50168888	1
0.055533950610719	0.269091326239639	0.108	0.093	1	chr6-11536918-11538597	1
0.0571716187220039	0.256401078861224	0.129	0.114	1	chr5-133499357-133500580	1
0.057352097650023	0.256313384762837	0.111	0.097	1	chr10-13098863-13100823	1
0.0581514378503327	0.26886732425361	0.101	0.087	1	chr17-12789020-12790925	1
0.0589627010524165	0.25258631185058	0.127	0.111	1	chr5-151156847-151158699	1
0.0592393605320106	0.267540110068099	0.117	0.103	1	chr3-117463102-117464649	1
0.0599278942792149	0.256202159907415	0.115	0.1	1	chr9-17063496-17065528	1
0.0606092980498019	0.257119015248383	0.119	0.104	1	chr20-50152230-50154459	1
0.0607430138127261	0.257500198407087	0.126	0.11	1	chr11-12723443-12726275	1
0.0607733747540429	0.255512538432348	0.112	0.097	1	chr1-115317066-115318488	1
0.0620697442803236	0.259642447580117	0.123	0.108	1	chr19-29714479-29717143	1
0.063002310105175	0.282407297766479	0.1	0.086	1	chr3-157498856-157500594	1
0.0631295738731507	0.270002330464047	0.104	0.09	1	chr1-81800731-81803281	1
0.063594676956509	0.265448583307501	0.11	0.095	1	chr11-16882944-16883771	1
0.0643454267127757	0.254964441503482	0.1	0.085	1	chr8-104423012-104424810	1
0.0648572821989003	0.26181090071737	0.105	0.09	1	chr2-60755864-60757226	1
0.0649156084533667	0.259630545000363	0.1	0.085	1	chr1-107534586-107537074	1
0.0651087725358327	0.273061380664073	0.114	0.099	1	chr5-91024015-91029174	1
0.0657720462348347	0.274862023402035	0.128	0.114	1	chr5-76204196-76205381	1
0.0679574022565468	0.263027968217179	0.102	0.088	1	chr5-31990074-31991301	1
0.0680678277244496	0.260758726253798	0.129	0.114	1	chr13-27170493-27172883	1
0.0685281245483337	0.267487687615453	0.12	0.106	1	chr4-10063256-10064464	1
0.0687442930915612	0.260491398979377	0.107	0.093	1	chr4-68904466-68906911	1
0.0689777274882525	0.291186431377063	0.102	0.089	1	chr14-29876772-29878318	1
0.0695980709383077	0.25463966502994	0.107	0.093	1	chr16-11975784-11977877	1
0.0711379199526298	0.287777577554417	0.1	0.086	1	chr6-7589835-7591269	1
0.0730911266483907	0.275633835743821	0.117	0.103	1	chr5-1522562-1524647	1
0.0742973558774392	0.252690706641507	0.106	0.092	1	chr16-2204725-2207212	1
0.0761453317312497	0.299578092665416	0.106	0.093	1	chr12-55742595-55744403	1
0.0799417093155973	0.251412788535169	0.104	0.091	1	chr15-40470301-40472272	1
0.0806966750921723	0.252454462576925	0.106	0.092	1	chr2-105743886-105746536	1
0.0829092129098258	0.273330057355064	0.108	0.095	1	chr21-43718615-43720598	1
0.0853004762966872	0.251144615149223	0.108	0.095	1	chr2-70994023-70995859	1
0.0911537398565927	0.25908182577939	0.102	0.089	1	chr7-39072650-39074017	1
0.0988276435949113	0.260048185265298	0.103	0.09	1	chr1-28886592-28888461	1
0.111529525860068	0.250491016247864	0.1	0.088	1	chr16-30584891-30586719	1
0.112499593375052	0.255065106828352	0.106	0.095	1	chr3-183965967-183967105	1
0.115806501752926	0.26142018045088	0.103	0.092	1	chr14-92963328-92965218	1
0.124360326216628	0.252449003594671	0.1	0.088	1	chr6-40425273-40427880	1
0.129493326595639	0.269720193712441	0.101	0.09	1	chr17-9575105-9577615	1
0.133121305080174	0.252918281753793	0.106	0.095	1	chr3-56810779-56814153	1
