p_val	avg_log2FC	pct.1	pct.2	p_val_adj	gene	cluster
7.68829581618762e-10	0.929414489613273	0.917	0.714	0.00014707248598618	chr8-133522116-133576268	4
1.5256066518285e-09	1.81962891835169	0.784	0.262	0.000291839398854882	chr7-50745691-50794203	4
1.7304893057693e-09	1.16934289505257	0.917	0.571	0.000331032221257832	chr8-133447002-133520787	4
8.15190998745593e-06	12.8058622342225	0.349	0	1	chr11-3041382-3044477	4
4.37399608109933e-05	1.8860704597727	0.494	0.167	1	chr7-50701544-50726131	4
9.41317407146696e-05	3.55459280592742	0.336	0.048	1	chr1-240595483-240598738	4
0.000124087638292249	3.85611234233973	0.311	0.024	1	chr2-217896878-217900845	4
0.000133502125907828	12.3807455914046	0.274	0	1	chr12-119178283-119180101	4
0.000176270120885389	2.35757516264802	0.386	0.095	1	chr8-144498322-144504619	4
0.000237397828146992	4.42308020616588	0.286	0.024	1	chr1-169128528-169137890	4
0.000238530696264269	12.5060770666982	0.257	0	1	chr16-85637385-85640630	4
0.00031720519668279	12.0776900995596	0.249	0	1	chr5-134505642-134507182	4
0.000420425488385332	12.1591626992917	0.241	0	1	chr1-205352130-205355635	4
0.000420425488385332	13.2999742792732	0.241	0	1	chr10-79335454-79337136	4
0.000838416881757832	12.5289298472049	0.22	0	1	chr12-101737598-101748884	4
0.000838416881757832	12.5997376521012	0.22	0	1	chr15-100713238-100716517	4
0.000919580672779036	2.56251136411753	0.299	0.048	1	chr12-124421632-124423962	4
0.000935596320402778	2.16455361047788	0.34	0.095	1	chr1-229886826-229889976	4
0.000960289496104936	12.8549703819413	0.216	0	1	chr4-149795115-149796898	4
0.000960292776213274	12.0451665850238	0.216	0	1	chr3-194002694-194004173	4
0.00109905931969851	12.5903299822106	0.212	0	1	chr2-20613798-20615333	4
0.00109905931969851	12.4364951513634	0.212	0	1	chr3-18841196-18844376	4
0.00109905931969851	12.8743222221271	0.212	0	1	chr6-43823534-43824934	4
0.00125694759157475	12.1599736088372	0.207	0	1	chr5-179836132-179842954	4
0.00142094249084379	1.83182375351472	0.361	0.119	1	chr1-235072983-235075989	4
0.00143647016827101	12.2940877938741	0.203	0	1	chr7-140506491-140507598	4
0.00143647016827101	11.9257327155186	0.203	0	1	chr12-104956776-104959987	4
0.00143647016827101	12.070995724278	0.203	0	1	chr17-66975307-66979103	4
0.00182251983750683	2.26396848127589	0.303	0.071	1	chr1-911121-922402	4
0.001951703388486	3.35914943058127	0.232	0.024	1	chr5-150612729-150617791	4
0.00199775386544663	3.07467269065272	0.241	0.024	1	chr7-50659354-50668701	4
0.0020246173121527	3.16512055045969	0.237	0.024	1	chr10-121993684-121996238	4
0.00231292503476626	3.42589326435288	0.224	0.024	1	chr8-22103091-22105526	4
0.00255699956752537	2.57425884062439	0.257	0.048	1	chr3-132416599-132419011	4
0.00264652194131849	3.14878272841409	0.228	0.024	1	chr16-20610869-20614135	4
0.00281574666792762	3.34246241242474	0.22	0.024	1	chr17-74430078-74432770	4
0.00286319922847734	1.39685959580505	0.411	0.167	1	chr1-207807156-207814549	4
0.00352283212135112	3.27816556181489	0.216	0.024	1	chr17-50949496-50951339	4
0.00360754018015703	1.45333786505577	0.378	0.143	1	chr11-65100892-65106005	4
0.00370971736520957	2.56314951179657	0.245	0.048	1	chr9-120570945-120573018	4
0.00387724006256506	3.06667209713545	0.216	0.024	1	chr8-101391518-101394336	4
0.00399987507223237	3.32101892991077	0.207	0.024	1	chr14-103126595-103129776	4
0.00404358135241753	0.877871798778117	0.585	0.381	1	chr22-46040296-46065534	4
0.00429808129572441	2.05691113710973	0.278	0.071	1	chr16-88769251-88771541	4
0.00457558996972051	3.19176549201463	0.207	0.024	1	chr4-52721593-52722977	4
0.00458203523207223	1.78689830820257	0.307	0.095	1	chr6-136249300-136252428	4
0.00473312265244895	1.75874996137414	0.307	0.095	1	chr22-37500866-37503073	4
0.00482870607779603	1.7931269877838	0.286	0.071	1	chr12-6372354-6378163	4
0.00484960386917057	3.19040421966654	0.203	0.024	1	chr17-79305626-79307645	4
0.00503169329909186	3.02730262083033	0.207	0.024	1	chr8-104552693-104553990	4
0.0051593602368415	2.63083415285774	0.232	0.048	1	chr5-65984033-65987543	4
0.00533292631628068	1.84264163642299	0.286	0.071	1	chr12-6228323-6233783	4
0.00562675333194858	1.50204742519017	0.332	0.095	1	chr12-101695649-101704100	4
0.00576251199021697	1.8901806774306	0.278	0.071	1	chr14-38866039-38870081	4
0.00591472180181202	1.95605480430915	0.27	0.071	1	chr3-121228645-121233412	4
0.00594649815020108	1.58824364204084	0.32	0.119	1	chr16-75108647-75112094	4
0.00600212311778338	2.5204805442218	0.232	0.048	1	chr6-42928441-42930777	4
0.00602281524658476	1.22946631340058	0.411	0.19	1	chr8-73292458-73297578	4
0.00657935848876321	2.17220743923664	0.241	0.048	1	chr7-50597215-50603911	4
0.00661893316601715	2.35803395395485	0.203	0.024	1	chr5-58922188-58923518	4
0.00708673353458696	1.8144309502713	0.29	0.095	1	chr1-202106870-202109160	4
0.00727613373162364	2.25186365934972	0.232	0.048	1	chr4-183987156-183990082	4
0.00738744768760824	1.81034811630445	0.27	0.071	1	chr1-113389045-113392500	4
0.007515116215397	2.18207041501947	0.228	0.048	1	chr1-223992156-223994125	4
0.00766014524768649	1.47839776899149	0.332	0.143	1	chr16-84013511-84014885	4
0.00791954995059973	1.82286158288343	0.278	0.095	1	chr17-29176134-29181105	4
0.00798518939275795	2.23915866658915	0.228	0.048	1	chr11-67286557-67290164	4
0.00848961121056487	2.00302995531963	0.249	0.071	1	chr7-75611216-75612593	4
0.00863152120316533	0.915048914105507	0.469	0.238	1	chr1-246565111-246567992	4
0.00864075198387097	1.90239676976655	0.257	0.071	1	chr22-49950819-49955308	4
0.00866668532799495	1.17012279977996	0.402	0.19	1	chr2-236569209-236586359	4
0.00873238114458777	1.77752847378584	0.266	0.071	1	chr1-54272636-54275868	4
0.00949148934040856	1.52651305065524	0.307	0.119	1	chr10-68330796-68333480	4
0.0100612937702746	1.73940452990855	0.261	0.071	1	chr1-236147386-236151687	4
0.0102401609594032	1.96936524397647	0.245	0.071	1	chr17-39631114-39633533	4
0.0102637009390969	1.75032938593892	0.27	0.095	1	chr5-179677523-179680364	4
0.0104130356582522	1.88773703837662	0.249	0.071	1	chr4-6749117-6752257	4
0.0104888830578967	0.911079132861456	0.494	0.286	1	chr5-179817925-179834397	4
0.0107595157506589	2.80492219367285	0.203	0.048	1	chr1-10673385-10678311	4
0.0109239894907886	1.76821084571429	0.27	0.095	1	chr1-85707259-85709187	4
0.0111679409855045	1.62351008928362	0.278	0.095	1	chr17-12730418-12731803	4
0.0112919882177729	2.35665852028132	0.207	0.048	1	chr1-192668135-192669087	4
0.0112922654703205	1.38306436777202	0.328	0.143	1	chr8-61689509-61702623	4
0.011579653738911	1.86919921859271	0.22	0.048	1	chr17-28317889-28320089	4
0.0118275672345627	1.76718086879334	0.253	0.071	1	chr7-151246830-151250302	4
0.0125804813047949	1.13588011536399	0.407	0.19	1	chr10-58266585-58270349	4
0.0126852901975136	2.38994227889962	0.203	0.048	1	chr16-2081596-2083047	4
0.0132843676420641	2.24683102870043	0.207	0.048	1	chr3-34145001-34147414	4
0.0133973506365154	2.16884790630887	0.207	0.048	1	chr1-44809547-44810973	4
0.0145105538875208	1.65855916054064	0.266	0.095	1	chr8-98043887-98047089	4
0.0146085994190507	1.6786738260226	0.253	0.071	1	chr17-74767284-74773891	4
0.0146552618640941	1.37296916201236	0.278	0.095	1	chr21-25733269-25736822	4
0.0147211340816933	0.72467153771745	0.568	0.381	1	chr19-12994906-13019374	4
0.014945296714901	2.12102037657817	0.207	0.048	1	chr1-49346238-49347803	4
0.0150843117583349	1.69921493042893	0.257	0.095	1	chr6-79076212-79080133	4
0.0150982152630004	1.07783316488318	0.39	0.19	1	chr8-61704568-61715617	4
0.0155068137773364	1.99322313239374	0.228	0.071	1	chr14-23152753-23155921	4
0.0156445519553057	1.62960323067591	0.266	0.095	1	chr1-226944283-226947333	4
0.0157764081169282	1.7526094136431	0.249	0.095	1	chr1-150980947-150982928	4
0.0159487461652991	1.08118313027465	0.378	0.19	1	chr11-134033351-134035782	4
0.016786524805859	1.97579081803166	0.207	0.048	1	chr6-110414698-110416227	4
0.0170428995822786	1.745266723655	0.237	0.071	1	chr2-95292412-95299086	4
0.0174718025424645	2.07153993541926	0.203	0.048	1	chr5-32249262-32250912	4
0.0179097330804273	1.9910278694084	0.203	0.048	1	chr6-138986678-138989758	4
0.0182896574453588	1.04964568731592	0.378	0.19	1	chr11-75426981-75433182	4
0.0183408083912395	1.62465143007838	0.257	0.095	1	chr7-129501084-129503637	4
0.0189165128902176	1.2022278804758	0.311	0.119	1	chr16-89343595-89347400	4
0.0192505637628713	1.31726600726485	0.307	0.119	1	chr16-21511499-21516523	4
0.0194749759015272	1.78252587862636	0.228	0.071	1	chr5-134523819-134528518	4
0.019622860947487	1.89927809969053	0.22	0.071	1	chr10-79410705-79412447	4
0.0196312537883294	1.93264570749746	0.224	0.071	1	chr1-202056444-202057810	4
0.0200656209197177	1.66637410674444	0.232	0.071	1	chr10-19815232-19817949	4
0.0209711139558035	1.15040313647203	0.349	0.167	1	chr7-50669260-50682556	4
0.0210508017571825	1.77122198441526	0.224	0.071	1	chr10-44910660-44912204	4
0.0214794161571208	1.69108635813188	0.245	0.095	1	chr5-97181865-97184739	4
0.0215157218787095	1.32488413060465	0.286	0.119	1	chr4-72567368-72570480	4
0.0216080303512529	0.86431251828819	0.444	0.238	1	chr16-714244-723425	4
0.0220948238155539	0.854391407333744	0.436	0.262	1	chr16-75249763-75255644	4
0.0231820797103919	1.01437626986606	0.324	0.143	1	chr4-101196406-101201931	4
0.023887462616441	1.53629245144485	0.232	0.071	1	chr3-100708464-100711090	4
0.0239775363686269	1.68314866284695	0.224	0.071	1	chr16-21263438-21266157	4
0.0242057336678561	1.25394302345479	0.274	0.095	1	chr3-149812034-149814621	4
0.0242762031983723	1.51132516220788	0.241	0.071	1	chr20-25685404-25687141	4
0.0243031017818586	1.62225129341907	0.228	0.071	1	chr16-11296378-11298437	4
0.0245683252312269	1.82970817003764	0.216	0.071	1	chr19-39125265-39129128	4
0.024806638812873	1.16008037423584	0.29	0.119	1	chr21-32770540-32773350	4
0.0258697240265315	1.36064718840252	0.278	0.119	1	chr1-2522986-2528650	4
0.0259194202715167	1.78193812942107	0.216	0.071	1	chr12-125633378-125635807	4
0.0262502654133121	1.62934206594782	0.224	0.071	1	chr5-154700538-154702273	4
0.0263155315735058	1.91136743069503	0.207	0.071	1	chr8-47958776-47962026	4
0.0263252419216697	1.77295112636704	0.212	0.071	1	chr5-150441068-150446806	4
0.0265265999498571	1.29909098931103	0.282	0.119	1	chr5-127516901-127518846	4
0.026719955786301	1.78778046716958	0.216	0.071	1	chr5-179804721-179807893	4
0.0268027027580123	1.67112314498358	0.237	0.095	1	chr3-128384874-128386339	4
0.027250833233786	1.56885890121888	0.224	0.071	1	chr8-40054201-40055898	4
0.0273008511669169	1.72494008960083	0.22	0.071	1	chr2-200962572-200964646	4
0.0281723268110033	1.69026381863106	0.216	0.071	1	chr15-55407283-55409167	4
0.0281991340381667	1.78506835411566	0.207	0.071	1	chr6-131649545-131653399	4
0.0286257082961999	1.73100157279015	0.212	0.071	1	chr6-75283539-75285854	4
0.029230330348913	0.924541342749417	0.407	0.238	1	chr10-60724630-60736066	4
0.0295184523328199	1.76312390815626	0.207	0.071	1	chr5-38612944-38614996	4
0.0305919555341721	1.63672760536692	0.216	0.071	1	chr6-4133354-4136886	4
0.0308905186290677	1.70885667452587	0.207	0.071	1	chr17-72683427-72684989	4
0.030980831737876	1.18621891183956	0.27	0.095	1	chr5-131795292-131797987	4
0.0311834672513248	1.6069045944586	0.237	0.095	1	chr7-141737097-141739179	4
0.0317495675953031	1.6089014758847	0.216	0.071	1	chr2-104754701-104756414	4
0.031802283906518	1.68445642520516	0.212	0.071	1	chr6-125985348-125987602	4
0.0318353455984772	1.68117899566086	0.207	0.071	1	chr5-144169649-144171320	4
0.0319855338574686	1.60526658428286	0.216	0.071	1	chr5-179912131-179914776	4
0.0320403217506311	1.63978247758328	0.212	0.071	1	chr3-140022104-140024620	4
0.0320733225879741	1.36433255562105	0.249	0.095	1	chr16-69725556-69727488	4
0.0332671827035927	1.34786401180063	0.266	0.119	1	chr16-67158927-67162834	4
0.0343728639601894	1.0722445359761	0.307	0.143	1	chr1-222710299-222714469	4
0.0345789909540232	1.54039822602387	0.224	0.095	1	chr10-110497169-110499946	4
0.0345833396279935	1.49026548383897	0.22	0.071	1	chr8-6405326-6407828	4
0.0351323746040625	1.17125942671542	0.282	0.119	1	chr1-150233432-150236908	4
0.0352181337158128	1.38575856160182	0.245	0.095	1	chr11-130159284-130162153	4
0.0353832030826249	0.86097253820561	0.44	0.262	1	chr1-220784438-220788357	4
0.0354626703792155	1.32282557045146	0.245	0.095	1	chr1-206555236-206560716	4
0.0357289153883316	1.23984344771378	0.278	0.119	1	chr16-30697605-30700381	4
0.0365722009367008	1.35154931356528	0.241	0.095	1	chr6-113969454-113972317	4
0.0365933468889898	1.53110200209397	0.212	0.071	1	chr4-54781201-54782687	4
0.0368262786020001	1.18666343485578	0.241	0.095	1	chr1-180229005-180232419	4
0.0371939284495101	1.37428575373684	0.257	0.119	1	chr1-44806452-44808605	4
0.0389519834835661	1.49565856507314	0.228	0.095	1	chr3-182792537-182796042	4
0.0391999913535067	1.00037828442144	0.315	0.143	1	chr6-109380933-109385444	4
0.0398246541698746	1.60633550159393	0.203	0.071	1	chr5-51382670-51384203	4
0.0406802923416113	1.279247501496	0.237	0.095	1	chr12-11648430-11651361	4
0.0412251972646172	1.23656675291257	0.274	0.143	1	chr21-36186337-36189294	4
0.0415101638565843	1.51187211633981	0.207	0.071	1	chr7-65037576-65040241	4
0.0418164663656135	1.12990406482499	0.27	0.119	1	chr12-107758677-107761794	4
0.0419845334050356	0.820306200567448	0.344	0.167	1	chr1-180501413-180503859	4
0.0422642639324302	1.09544570411928	0.29	0.143	1	chr8-144513836-144518897	4
0.0424184152355626	1.50513174835004	0.207	0.071	1	chr1-226813792-226815933	4
0.0432033459960028	1.4419892204643	0.212	0.071	1	chr2-130850111-130852459	4
0.0436555169547509	1.50880915742759	0.207	0.071	1	chr3-113513746-113516540	4
0.0439969952389877	1.38104128047941	0.232	0.095	1	chr21-45328513-45330844	4
0.0440923864492461	1.45472764049709	0.203	0.071	1	chr7-34747422-34749052	4
0.044147815692256	1.34461071200664	0.237	0.095	1	chr4-10018543-10020167	4
0.044297948071857	1.36534050500753	0.232	0.095	1	chr1-16622757-16625343	4
0.0446310502596133	1.53248453211419	0.22	0.095	1	chr5-157265388-157268640	4
0.0447324957674634	1.49186163003988	0.203	0.071	1	chr4-37825331-37829119	4
0.0449229533104649	1.38511152164502	0.207	0.071	1	chr6-107027695-107029278	4
0.0452800291399127	1.2870713739735	0.249	0.119	1	chr9-113409469-113411773	4
0.0454820630485717	1.22911389282666	0.241	0.095	1	chr12-6752064-6754312	4
0.0458716067194409	1.16155077848035	0.278	0.143	1	chr12-120228037-120232589	4
0.0459895283593433	1.08757635287326	0.295	0.143	1	chr10-132536114-132542823	4
0.0461858970318409	0.860020830180051	0.378	0.214	1	chr3-180601020-180603223	4
0.0462212809030196	1.49204210741968	0.207	0.071	1	chr22-28817913-28820108	4
0.0473417483385824	1.31529610868983	0.241	0.095	1	chr19-1452923-1456619	4
0.048067730371179	1.12790833692827	0.245	0.095	1	chr8-85176408-85178923	4
0.0483095644066312	1.0615237361563	0.295	0.143	1	chr8-118620098-118622980	4
0.048438934228937	0.856188310748036	0.299	0.143	1	chr1-91020630-91022977	4
0.0487058847355746	1.16787497900005	0.245	0.095	1	chr7-102363224-102364780	4
0.0494846988581975	1.23888190305611	0.237	0.095	1	chr11-33159503-33162053	4
0.0497896447823287	1.19170163376576	0.261	0.119	1	chr1-225841774-225851818	4
0.0500817125368301	1.01553397506228	0.315	0.19	1	chr4-158209733-158211725	4
0.0506828692325203	0.672385942401336	0.465	0.286	1	chr10-28676867-28686146	4
0.051368040113537	1.06788669471096	0.286	0.143	1	chr16-74295731-74298958	4
0.0514313627289487	1.22774347889711	0.253	0.119	1	chr20-40286235-40288075	4
0.0515584187503508	0.667852355837824	0.485	0.357	1	chr1-228484939-228491495	4
0.0520959351897683	1.39150476641174	0.224	0.095	1	chr12-56722051-56726056	4
0.0525837940623834	1.15642114939245	0.257	0.119	1	chr11-72012075-72016172	4
0.0526091264782351	1.38585976354897	0.22	0.095	1	chr7-17939010-17941652	4
0.0526091264782351	1.36207902727688	0.22	0.095	1	chr12-12356564-12358592	4
0.0527904783873259	1.1953632979799	0.286	0.167	1	chr4-41212551-41217435	4
0.0535693857397223	1.20039155504214	0.237	0.095	1	chr6-136549139-136551523	4
0.0540559706229925	1.28398575586912	0.212	0.071	1	chr1-5597046-5599160	4
0.0548863771538381	1.26698233729114	0.232	0.095	1	chr3-42803148-42805469	4
0.0548863771538381	1.19774828883988	0.232	0.095	1	chr12-6777869-6780517	4
0.0550025208981149	1.07855163464678	0.249	0.119	1	chr12-750806-755506	4
0.0557358628361301	1.08924750559481	0.274	0.143	1	chr4-177440809-177443408	4
0.0560871023738573	1.37296121588339	0.203	0.071	1	chr17-38741348-38744241	4
0.0565951434288465	1.17721541406018	0.228	0.095	1	chr7-106659634-106661655	4
0.0567811443889592	1.16547340415916	0.249	0.119	1	chr2-88015585-88017808	4
0.0569692137176864	1.17933036385699	0.228	0.095	1	chr11-73306971-73308766	4
0.0570007348616372	1.28682209180848	0.207	0.071	1	chr21-16317855-16320511	4
0.0571993718985212	1.26415327801755	0.224	0.095	1	chr16-67206218-67209682	4
0.058367802389245	1.35980168881455	0.216	0.095	1	chr12-66168396-66170517	4
0.0591995253105983	0.681928912437407	0.386	0.214	1	chr4-6268910-6272469	4
0.0599218846693291	0.922386824025874	0.245	0.095	1	chr3-14177615-14179443	4
0.0609401926498362	1.33364380413766	0.212	0.095	1	chr17-50943355-50945266	4
0.0609872865817757	0.877656161652003	0.328	0.167	1	chr4-17576268-17578854	4
0.0612213254768757	1.18770542406229	0.228	0.095	1	chr6-53064380-53069206	4
0.0615139786394414	1.07751150460347	0.257	0.119	1	chr4-81650473-81652342	4
0.061615150147471	0.708476911149019	0.427	0.286	1	chr12-120193318-120202517	4
0.0622504985801293	0.927784563777985	0.299	0.143	1	chr7-35694085-35696345	4
0.0635849038810684	1.14011588295031	0.249	0.119	1	chr16-15575557-15578260	4
0.0637215127500858	1.06676993901903	0.253	0.119	1	chr19-49663915-49666450	4
0.0640617660608613	1.20175021596182	0.228	0.095	1	chr6-144094577-144096451	4
0.0652054205464742	1.17732324146698	0.224	0.095	1	chr12-55727508-55730404	4
0.0654236315514949	0.942914878292205	0.29	0.143	1	chr8-96493111-96495971	4
0.0655655180387823	0.916526434063894	0.266	0.119	1	chr7-7967872-7970412	4
0.0658463689665988	0.668025099481084	0.436	0.262	1	chr1-211257029-211261667	4
0.0660806477688513	1.12103218567431	0.241	0.119	1	chr16-4886860-4889491	4
0.0662104494051659	1.36505912623488	0.207	0.095	1	chr17-28854250-28855483	4
0.0669697527669877	0.948404606687837	0.29	0.143	1	chr7-12403057-12404838	4
0.0672014151853017	0.94344217404769	0.27	0.119	1	chr16-67440777-67444228	4
0.0676015816353977	0.899457008342321	0.274	0.143	1	chr14-71319585-71323108	4
0.0677540214951883	0.952438029594501	0.29	0.143	1	chr19-1097650-1099960	4
0.0678726854566149	1.1436940141155	0.228	0.095	1	chr2-203238367-203240263	4
0.0679447178680772	1.10031430911478	0.216	0.095	1	chr6-108944770-108948797	4
0.0694478283301999	1.0100364642273	0.27	0.143	1	chr4-6779121-6784146	4
0.0702031046554394	1.00573198741241	0.278	0.143	1	chr1-86912477-86916090	4
0.0710484392076886	0.854979583120059	0.249	0.119	1	chr2-190318250-190320331	4
0.0713447462452091	0.929907356537098	0.299	0.167	1	chr16-89699664-89702607	4
0.0715865143319089	1.0563832515279	0.253	0.119	1	chr12-12559869-12564452	4
0.0716953405326567	1.21528597017261	0.232	0.119	1	chr19-38830656-38832727	4
0.072053321631891	0.769832658142306	0.34	0.19	1	chr2-127700231-127703459	4
0.0720696967461559	0.991673375428232	0.29	0.167	1	chr10-132516260-132520947	4
0.0720830278467445	1.01378971174218	0.241	0.119	1	chr10-80077705-80079951	4
0.0726781816341684	1.08833653762148	0.245	0.119	1	chr1-100248927-100250689	4
0.0735862220445057	0.828477159841487	0.311	0.167	1	chr5-123511341-123513651	4
0.0736906422045353	1.05304525360554	0.249	0.119	1	chr5-132488310-132491552	4
0.0740217698769334	1.08588585592608	0.245	0.119	1	chr8-1744615-1746762	4
0.0743061176475211	1.34397064563176	0.203	0.095	1	chr5-60944271-60946549	4
0.0760682137255756	1.20547064059669	0.228	0.119	1	chr12-6688459-6690394	4
0.0763021834965365	1.05755216118828	0.27	0.143	1	chr1-36373473-36375348	4
0.0764780532871429	1.13672030503742	0.237	0.119	1	chr19-1256549-1263050	4
0.0765818823498506	0.80007175977139	0.266	0.119	1	chr11-61488142-61490805	4
0.0769143007528374	0.806157332486924	0.344	0.214	1	chr1-201510724-201513590	4
0.0774930210097099	1.02771114646264	0.228	0.095	1	chr8-90000319-90002280	4
0.0778768913874505	0.997856330029059	0.253	0.119	1	chr1-229269538-229272867	4
0.0792950173910121	1.02199383151941	0.266	0.143	1	chr3-97763704-97765785	4
0.0793000405562715	0.78081810729152	0.332	0.19	1	chr10-103395287-103397868	4
0.0803060859862802	1.08035957250336	0.237	0.119	1	chr12-8948584-8951311	4
0.0806306961215179	0.625215742431633	0.415	0.262	1	chr8-109333315-109335422	4
0.0807372916353601	0.690344863717231	0.382	0.238	1	chr17-64144703-64149233	4
0.0814714192095928	0.976194065148488	0.274	0.143	1	chr8-33511923-33514258	4
0.0817812442918086	1.09694622046955	0.237	0.119	1	chr14-89184467-89187395	4
0.0819152675081668	0.703350204063528	0.378	0.238	1	chr7-76301749-76307690	4
0.0820936094575285	1.21747733960729	0.207	0.095	1	chr17-54967476-54970175	4
0.0825800953436945	0.977374420801925	0.266	0.143	1	chr5-150485021-150489577	4
0.0827583528754736	1.15781872513433	0.212	0.095	1	chr12-13135191-13137180	4
0.0828604519597594	0.971004944905897	0.216	0.095	1	chr3-130110615-130113761	4
0.0829269763198186	1.06996578437858	0.22	0.095	1	chr1-1398003-1403187	4
0.0844253987573063	0.46701493005995	0.568	0.452	1	chr12-6960502-6972162	4
0.0845846715147232	1.2699857713107	0.203	0.095	1	chr10-15167302-15169703	4
0.0849814577016614	0.572990189618769	0.481	0.357	1	chr1-243253112-243257141	4
0.0851590713995284	1.12765621881564	0.232	0.119	1	chr9-130444138-130448414	4
0.085494369747781	0.765073747570812	0.336	0.214	1	chr7-132249456-132252433	4
0.0861186498936702	0.608420405486285	0.444	0.31	1	chr11-133925835-133929587	4
0.0863387799758941	1.07304472071573	0.237	0.119	1	chr6-42563396-42566327	4
0.0868442936101923	0.772232880945254	0.34	0.214	1	chr1-226132433-226136239	4
0.0876150307623425	0.926374310325843	0.249	0.119	1	chr19-40714659-40717905	4
0.0880288137386041	1.17571325291544	0.207	0.095	1	chr6-156719386-156721734	4
0.0881347805786597	0.939709174039991	0.212	0.095	1	chr2-233480045-233482844	4
0.0883005926119182	0.917998541407854	0.261	0.143	1	chr22-31106262-31108292	4
0.0885851126359288	1.17442550463286	0.207	0.095	1	chr5-135031435-135035839	4
0.0886487480732147	0.817273091663528	0.249	0.119	1	chr1-234530736-234535030	4
0.0890056808061564	1.01424274628426	0.203	0.095	1	chr8-53692189-53693721	4
0.0893167202066476	0.713373411378522	0.278	0.143	1	chr22-41587229-41590612	4
0.0896978713254971	0.728071114025253	0.32	0.19	1	chr1-212857042-212859266	4
0.0905601411632036	1.02261700441381	0.237	0.119	1	chr12-108730539-108732621	4
0.0907496736483319	0.836918179556004	0.253	0.119	1	chr17-75556711-75560476	4
0.0909266799786175	1.09628295323651	0.212	0.095	1	chr3-157369138-157371240	4
0.0911824765110738	0.877210429378917	0.29	0.167	1	chr4-686668-689992	4
0.0919226152325829	1.07851643099732	0.228	0.119	1	chr1-32331272-32336726	4
0.0928017023142998	0.733862580759204	0.274	0.143	1	chr3-98592591-98594391	4
0.0930289563901164	0.65873528733277	0.39	0.238	1	chr3-79017328-79020413	4
0.0933402536431257	0.544908285392688	0.49	0.31	1	chr17-79828461-79840408	4
0.0937892651193496	1.08339883621723	0.212	0.095	1	chr3-155743409-155746409	4
0.0942854148753999	1.03139470381297	0.232	0.119	1	chr12-46370913-46373511	4
0.0954401085313508	0.680106733591344	0.307	0.167	1	chr1-46516081-46517953	4
0.0955854468945649	0.873269086628414	0.253	0.119	1	chr17-66661079-66663767	4
0.095684909059977	1.12444172553877	0.224	0.119	1	chr7-55963922-55967588	4
0.0961305551246792	0.956835278782956	0.241	0.119	1	chr1-170531002-170532976	4
0.0966747159856821	1.09275102363706	0.207	0.095	1	chr7-135147168-135149128	4
0.097113991099109	1.00768511545343	0.232	0.119	1	chr1-225425787-225429188	4
0.097113991099109	1.05251788892938	0.232	0.119	1	chr19-55116111-55118533	4
0.0971888799182066	1.13259313392315	0.203	0.095	1	chr16-31116769-31118717	4
0.0981491178446241	1.0391610622203	0.228	0.119	1	chr3-15858152-15861675	4
0.0984055193757429	1.12909350728489	0.203	0.095	1	chr10-119176695-119179515	4
0.0985527280925611	0.676250422428885	0.369	0.238	1	chr4-76211197-76216568	4
0.0985845006778291	1.07077712794281	0.224	0.119	1	chr12-124565677-124569079	4
0.0990183839441633	1.12322942811304	0.203	0.095	1	chr8-118877510-118879175	4
0.0999044822531623	1.03222985801021	0.228	0.119	1	chr2-214807137-214810596	4
0.101075035843917	0.816572871651528	0.29	0.167	1	chr1-193103818-193106292	4
0.102434262486613	0.966150216904954	0.237	0.119	1	chr5-132385261-132389094	4
0.103601419024254	0.735605433472036	0.27	0.143	1	chr8-33565935-33567901	4
0.104253059397353	1.12864389718381	0.216	0.119	1	chr9-109329022-109332050	4
0.104392169636734	0.729741841445997	0.32	0.19	1	chr1-246607754-246609906	4
0.104856314689602	0.55716139575966	0.415	0.262	1	chr16-89559344-89566732	4
0.105421796783996	0.709240861573289	0.344	0.214	1	chr21-41677851-41682967	4
0.105785627459012	0.800435269100332	0.303	0.19	1	chr10-110007695-110012274	4
0.106516811757477	0.809749841593945	0.274	0.143	1	chr12-128822871-128825162	4
0.107077687591143	1.04192418486605	0.224	0.119	1	chr12-75510703-75512272	4
0.107721953661172	0.548471837850933	0.382	0.238	1	chr6-132811971-132821612	4
0.108828087080654	0.895277143288145	0.278	0.167	1	chr2-2660738-2664385	4
0.108835449502349	0.703846303035455	0.336	0.214	1	chr5-111755586-111759121	4
0.108853274207409	0.798612030900495	0.274	0.143	1	chr1-211577268-211580388	4
0.110267416413528	0.808854193717456	0.253	0.143	1	chr12-26831197-26834129	4
0.110498862467991	0.832939703300479	0.261	0.143	1	chr3-139533751-139536030	4
0.111006072600346	0.636964685472716	0.32	0.19	1	chr10-28302073-28303839	4
0.111009685050237	0.987890399887385	0.232	0.119	1	chr19-2149815-2152347	4
0.111219312263042	0.679846943933929	0.349	0.214	1	chr3-150544681-150548291	4
0.111236629663034	0.959040585459747	0.207	0.095	1	chr2-105037203-105039231	4
0.111247866416382	0.586220382702034	0.361	0.214	1	chr3-127588760-127593100	4
0.111274146041456	1.04236064524142	0.216	0.119	1	chr3-194332495-194334406	4
0.111495135107071	0.914645374888506	0.253	0.143	1	chr20-62385515-62391808	4
0.112115364650723	0.806663373888848	0.274	0.167	1	chr8-89756606-89759985	4
0.112580624134984	0.994309803460428	0.207	0.095	1	chr3-186974357-186977916	4
0.112605987894896	1.0865978648144	0.203	0.095	1	chr9-21801595-21804281	4
0.112733140869795	1.04656555793481	0.22	0.119	1	chr12-132621939-132624401	4
0.113526875969259	0.866574512418444	0.241	0.119	1	chr5-16934533-16937528	4
0.113564290284479	0.645122119852819	0.436	0.31	1	chr1-151280783-151284083	4
0.114919295044125	0.770272334479082	0.295	0.167	1	chr11-75342160-75344479	4
0.115735753397834	0.740279447693721	0.303	0.167	1	chr7-30025727-30030306	4
0.116513836624032	0.860883608141184	0.253	0.143	1	chr1-156851504-156853396	4
0.11674685127506	1.03244370949061	0.203	0.095	1	chr12-8242101-8244891	4
0.117332187820706	0.60650146174519	0.407	0.31	1	chr2-20446624-20451574	4
0.117448373043271	1.0324846607213	0.203	0.095	1	chr16-66509931-66514188	4
0.119622409837514	0.87673497867684	0.249	0.143	1	chr6-165833903-165836151	4
0.120288129596963	1.04395372885435	0.203	0.095	1	chr1-225879600-225883670	4
0.120363313011121	0.728389869281682	0.278	0.167	1	chr7-150377525-150380407	4
0.121286245356737	0.903181159263717	0.241	0.143	1	chr10-119667386-119671686	4
0.122019087907881	1.09691469299978	0.212	0.119	1	chr3-158801194-158802931	4
0.122435255820839	0.785903609075033	0.299	0.19	1	chr17-7258610-7265218	4
0.122975113007851	0.913267226796153	0.224	0.119	1	chr10-125156047-125162103	4
0.123271527832899	0.795644074137438	0.286	0.167	1	chr6-129708796-129710922	4
0.123559678405052	0.886805044850096	0.237	0.119	1	chr12-79933261-79936124	4
0.12424931832151	0.848673151883917	0.237	0.119	1	chrX-1379368-1389740	4
0.124649939362449	0.595870060107194	0.373	0.214	1	chr10-132417989-132422232	4
0.125045703793612	0.76136079898549	0.253	0.143	1	chr3-184333941-184338078	4
0.125259841631846	1.12848459824095	0.203	0.119	1	chr8-66924215-66926154	4
0.125709461858113	1.02820593012524	0.216	0.119	1	chr5-7851184-7852570	4
0.125726309340775	0.880983499216626	0.232	0.119	1	chr3-194852731-194855546	4
0.126199523110739	0.8772552458378	0.245	0.143	1	chr10-133257212-133259872	4
0.126429381366992	0.55630172258972	0.39	0.238	1	chr16-57618278-57622987	4
0.126487574283046	0.898542316890319	0.228	0.119	1	chr6-153001789-153004067	4
0.12697101539293	0.411114132489581	0.461	0.31	1	chr7-105008677-105015930	4
0.127130535011534	0.820238309334047	0.257	0.143	1	chr12-76763440-76765426	4
0.12715705786799	1.02615405734109	0.216	0.119	1	chr21-36155262-36158666	4
0.12722426782358	0.948457501679111	0.224	0.119	1	chr4-47484808-47486502	4
0.127291975652926	0.603217394368854	0.378	0.214	1	chr4-82371355-82375687	4
0.128374634017878	0.929925064328469	0.203	0.095	1	chr19-10402388-10405008	4
0.128617592285648	0.983626157450944	0.216	0.119	1	chr7-105815847-105817701	4
0.128661950749291	0.909906191606322	0.22	0.119	1	chr8-86507504-86509368	4
0.128665662871392	0.929872874109801	0.224	0.119	1	chr3-194140965-194142955	4
0.129270826974902	1.03040590667939	0.212	0.119	1	chr3-129002574-129006414	4
0.129411406838188	0.518041130333792	0.473	0.333	1	chr12-57514388-57524643	4
0.129722862437091	0.57786557493509	0.241	0.119	1	chr2-241148272-241151038	4
0.129734083583695	0.567465570749218	0.369	0.238	1	chr6-85640857-85645272	4
0.129871359345978	0.799196344831901	0.257	0.143	1	chr12-6923850-6926743	4
0.130851763960481	0.91563235701627	0.224	0.119	1	chr1-159867115-159868558	4
0.130940331529421	0.4745410355573	0.502	0.357	1	chr1-154999692-155008924	4
0.131240718875684	0.822042330777222	0.207	0.095	1	chr4-88522541-88524687	4
0.131254320958737	0.794489500968417	0.261	0.143	1	chr7-88225957-88227811	4
0.132034951575014	0.923888643687774	0.232	0.143	1	chr1-45566439-45570532	4
0.132657834229252	0.79694917590561	0.257	0.143	1	chr10-22002377-22004235	4
0.132899127342291	0.72762335285625	0.232	0.119	1	chr3-33095339-33098005	4
0.133298869121467	0.797338781038749	0.249	0.143	1	chr4-5709144-5712138	4
0.134516576087563	0.903183564289898	0.203	0.095	1	chr17-66723767-66725901	4
0.136283516850877	0.756185276930684	0.286	0.19	1	chr22-50303489-50308226	4
0.13824516981258	0.860063358087612	0.228	0.119	1	chr2-240996042-240999889	4
0.139048646146527	0.745965977197379	0.261	0.143	1	chr2-131491042-131494984	4
0.142247609410957	0.559223828004153	0.295	0.167	1	chr6-151450813-151453544	4
0.142361412178151	1.08030596955904	0.212	0.119	1	chr16-24538725-24541271	4
0.143485813387649	0.844689747478746	0.241	0.143	1	chr2-191677214-191679221	4
0.143808983908102	0.639802979020573	0.353	0.238	1	chr14-66506945-66509741	4
0.143952072767916	0.754811985003957	0.274	0.167	1	chr17-68511131-68513619	4
0.1447506451805	0.911592980415452	0.216	0.119	1	chr12-111756380-111759167	4
0.144825424316447	0.786900210423018	0.261	0.167	1	chr1-204213427-204214862	4
0.145429454156618	0.639637710641118	0.328	0.214	1	chr8-127851369-127855715	4
0.145568498833384	0.95551856194798	0.207	0.119	1	chr5-44538339-44540008	4
0.146155084841092	0.63155215429236	0.349	0.262	1	chr1-174158294-174160748	4
0.146167861942481	0.597114376945516	0.27	0.143	1	chr17-47940787-47942734	4
0.146399140238268	0.956663557138433	0.212	0.119	1	chr20-29079566-29081057	4
0.147083447724783	0.543334024001469	0.415	0.286	1	chr19-2039931-2052931	4
0.147093355511798	0.911976860368473	0.22	0.119	1	chr22-42613816-42616137	4
0.147506701242765	0.642851190800109	0.328	0.214	1	chr5-132865657-132869155	4
0.147602960352276	0.790836168689244	0.228	0.119	1	chr6-82246292-82248838	4
0.148120269141299	0.763454379641855	0.253	0.143	1	chr3-101572860-101575342	4
0.149717878799444	0.786321552303767	0.245	0.143	1	chr11-34104082-34107346	4
0.15048886738811	0.803000446312343	0.249	0.143	1	chr4-82889736-82892260	4
0.151275604808188	0.728295973831798	0.241	0.143	1	chr10-7232988-7234538	4
0.152229808032411	0.988880379180402	0.207	0.119	1	chr6-109690081-109691988	4
0.152374393373774	0.574225155726765	0.286	0.167	1	chrX-64204289-64207310	4
0.154219329110028	0.872395389571054	0.216	0.119	1	chr1-234973347-234976032	4
0.155385773886578	0.682446335358659	0.29	0.19	1	chr3-184133542-184136810	4
0.157892379291919	0.664264845838114	0.261	0.167	1	chr6-96836141-96838162	4
0.158207856625633	0.728466605775489	0.27	0.167	1	chr19-5045723-5047373	4
0.158249838074657	0.405486450592247	0.51	0.381	1	chr19-1265254-1277264	4
0.158278527974001	0.547289188353707	0.386	0.286	1	chr1-201395879-201401412	4
0.158469937865636	0.791779737691353	0.249	0.143	1	chr8-72778452-72779600	4
0.158558113148023	0.819955869108266	0.241	0.143	1	chr6-11229404-11233650	4
0.15978810857315	0.763338656624494	0.27	0.167	1	chr3-16264043-16266009	4
0.160879586230364	0.927708122209383	0.207	0.119	1	chr6-160990918-160993232	4
0.16188794512619	0.828481471268157	0.237	0.143	1	chr5-140260824-140263462	4
0.162457508533992	0.645970977782563	0.253	0.143	1	chr5-181241188-181244901	4
0.162537031439086	0.784708399317551	0.228	0.119	1	chr10-97713048-97715400	4
0.162715109732062	0.960995884646025	0.203	0.119	1	chr8-133718675-133722978	4
0.163159495047213	0.554432724919577	0.378	0.262	1	chr19-54135983-54139048	4
0.163948976433413	0.742904051970595	0.282	0.19	1	chr10-69123118-69125584	4
0.164151685904051	0.83410139839765	0.216	0.119	1	chr1-237470517-237471787	4
0.164574249150232	0.611620337345294	0.261	0.143	1	chr17-45060263-45062074	4
0.165103590087679	0.736588232794034	0.286	0.19	1	chr20-345225-349677	4
0.166137955520828	0.734002999502741	0.237	0.143	1	chr17-46971659-46974705	4
0.166427207252017	0.513804882252239	0.39	0.262	1	chr5-90408448-90410880	4
0.167021649353393	0.706537899261334	0.29	0.19	1	chr8-17799628-17804008	4
0.16764073579941	0.760255126403025	0.261	0.167	1	chr1-75723252-75726507	4
0.167912486242661	0.854997050261691	0.212	0.119	1	chr3-40308579-40310855	4
0.169713404112906	0.673569964867789	0.295	0.19	1	chr12-76083469-76085601	4
0.169994056628429	0.75257952161593	0.257	0.167	1	chr14-99601278-99606099	4
0.171370247665286	0.349714050457776	0.573	0.429	1	chr5-151770452-151774370	4
0.173345366713808	0.579907850513609	0.344	0.238	1	chr16-3019852-3024986	4
0.173676122489825	0.69718866521258	0.282	0.19	1	chr14-30221333-30224833	4
0.173705401275459	0.664850143303533	0.27	0.167	1	chr12-64403003-64405956	4
0.17434212961461	0.884573890920623	0.212	0.119	1	chr4-98259619-98262720	4
0.176440759765519	0.674484187089289	0.245	0.143	1	chr10-929937-933261	4
0.176466847118877	0.685138259465074	0.295	0.214	1	chr17-78171277-78177740	4
0.176967648097143	0.678925413325012	0.261	0.167	1	chr1-1373414-1377339	4
0.177676149411826	0.685441792965579	0.228	0.143	1	chr4-127880098-127882175	4
0.178329622434321	0.840126205736452	0.207	0.119	1	chr20-23360716-23363873	4
0.178514573956113	0.765831454600224	0.203	0.119	1	chr1-45348010-45350070	4
0.179686477188175	0.500819004713757	0.32	0.19	1	chr11-72222002-72226068	4
0.180245396379967	0.867116412165711	0.207	0.119	1	chr6-142844492-142846951	4
0.180356411335369	0.384135077560187	0.448	0.31	1	chr17-28742750-28751084	4
0.180654198277486	0.728121340840698	0.216	0.119	1	chr3-49785654-49787397	4
0.181417391636698	0.920744107584684	0.203	0.119	1	chr1-74197461-74199264	4
0.18144232887775	0.610311709763733	0.328	0.238	1	chr20-56391027-56394185	4
0.182876693350547	0.776325502535999	0.212	0.119	1	chr10-74150121-74152157	4
0.183520407483027	0.746975126696358	0.216	0.119	1	chr17-49787922-49789610	4
0.18404230423943	0.683397221598929	0.266	0.167	1	chr14-67694242-67697641	4
0.184692403131537	0.62013249447059	0.32	0.214	1	chr7-93231280-93233050	4
0.184753006940273	0.759741722968711	0.241	0.143	1	chr2-97662593-97665051	4
0.184989733172998	0.739592718856518	0.286	0.19	1	chr16-81094953-81097304	4
0.185022849368879	0.775096469625756	0.232	0.143	1	chr16-31450858-31455784	4
0.185529815414622	0.483268796197458	0.336	0.19	1	chr11-82899690-82903083	4
0.186333034781815	0.861105812499127	0.203	0.119	1	chr9-5435908-5438516	4
0.186333034781815	0.867990321141162	0.203	0.119	1	chr12-53937965-53940151	4
0.187508720564864	0.703268232220064	0.257	0.167	1	chr12-56078597-56082520	4
0.187846126299282	0.64741493084732	0.232	0.143	1	chr7-106283702-106286027	4
0.18932928309099	0.836389124049252	0.203	0.119	1	chr15-41861588-41863602	4
0.18932928309099	0.86709865270008	0.203	0.119	1	chr19-18571063-18573239	4
0.18933090470432	0.721697080181301	0.257	0.167	1	chr2-61853061-61855611	4
0.190156376386951	0.761249418722354	0.253	0.167	1	chr4-2961550-2964673	4
0.19033588227557	0.854130658822513	0.203	0.119	1	chr12-111993121-111995418	4
0.190897298899977	0.690747457652709	0.22	0.119	1	chr4-140523308-140525143	4
0.191166107364885	0.719085304006388	0.257	0.167	1	chr16-66516149-66518050	4
0.191568024115328	0.598155834409244	0.295	0.19	1	chr3-51387482-51392842	4
0.191881808014961	0.86672801039266	0.216	0.143	1	chr16-19715457-19719210	4
0.192123672321615	0.649668606539653	0.27	0.167	1	chr11-34167370-34169990	4
0.192145541392035	0.565542138560468	0.266	0.167	1	chr12-43757805-43760862	4
0.192360768689836	0.701847454206783	0.203	0.119	1	chr17-47948257-47950886	4
0.192638122910787	0.534539559124454	0.344	0.238	1	chr7-151921843-151926645	4
0.193657738934242	0.508646251645842	0.303	0.19	1	chr14-99553781-99556519	4
0.193886571898432	0.520408187226617	0.274	0.167	1	chr2-156331554-156335963	4
0.194401698787828	0.841228267659381	0.203	0.119	1	chr1-210706320-210708937	4
0.194563489305909	0.691221870180716	0.249	0.143	1	chr19-49869013-49870643	4
0.194862897855044	0.504405123535802	0.324	0.19	1	chr3-120347876-120351151	4
0.194907063307559	0.698409596998452	0.261	0.167	1	chr11-32583044-32585522	4
0.195120005909318	0.63567974728733	0.241	0.143	1	chr4-140755067-140757610	4
0.19702699875618	0.535520772225075	0.315	0.214	1	chr14-20342016-20344585	4
0.197558048142	0.623513319459267	0.274	0.167	1	chr14-21454722-21457134	4
0.198384140864484	0.528988030849229	0.249	0.143	1	chr9-75026849-75029097	4
0.199593482898183	0.706164897598077	0.261	0.167	1	chr1-201695014-201697615	4
0.200232556696891	0.368109853267815	0.369	0.262	1	chr3-186782385-186791811	4
0.200867840043407	0.773026727272508	0.212	0.119	1	chr14-93010282-93013682	4
0.201446882328058	0.657012627203461	0.278	0.19	1	chr8-134711135-134713982	4
0.202542482232738	0.419181906924537	0.427	0.357	1	chr1-186374179-186376610	4
0.202723842794719	0.779341505099382	0.203	0.119	1	chr10-31927056-31930472	4
0.202785579185691	0.763369417840631	0.224	0.143	1	chr6-144215347-144217673	4
0.205288660165753	0.694021162938869	0.249	0.167	1	chr8-27489425-27491934	4
0.205638636773142	0.353897023779698	0.631	0.5	1	chr1-155123709-155137365	4
0.206291991861101	0.593770368777423	0.261	0.167	1	chr11-44584066-44585837	4
0.207533044893288	0.612164036522262	0.286	0.19	1	chr7-123533868-123535670	4
0.207565019427578	0.599834408606622	0.245	0.143	1	chr10-13345853-13350508	4
0.208065427707642	0.748030882259406	0.241	0.167	1	chr1-241615147-241616964	4
0.209233417245717	0.503171309425569	0.332	0.214	1	chr3-123584023-123586748	4
0.210845505986661	0.662399148241089	0.216	0.119	1	chr8-38733470-38736337	4
0.211251179928866	0.681075898226103	0.253	0.167	1	chr2-189439273-189442487	4
0.212364844358364	0.450074665452028	0.423	0.286	1	chr4-83009599-83014244	4
0.212435134669189	0.535154450542546	0.29	0.19	1	chr5-154842385-154845813	4
0.21291819135575	0.699508117547146	0.266	0.19	1	chr6-170552496-170554902	4
0.213228431828105	0.637620119628293	0.286	0.19	1	chr1-214602435-214604734	4
0.213249774653778	0.69539047229789	0.253	0.167	1	chr14-68789185-68796595	4
0.213487663344128	0.810031588087623	0.203	0.119	1	chr3-134794611-134796901	4
0.213928155720069	0.755571754938677	0.228	0.143	1	chr5-148849481-148851987	4
0.213928155720069	0.715078496513217	0.228	0.143	1	chr10-35126185-35128252	4
0.214094931121032	0.708270880598113	0.207	0.119	1	chr16-20804611-20807522	4
0.216214512136258	0.507335404450065	0.282	0.167	1	chr6-291044-293860	4
0.217087445511645	0.582185058968778	0.286	0.19	1	chr17-49760876-49764978	4
0.217430021311979	0.533364995158117	0.295	0.214	1	chr3-39148572-39154801	4
0.21781241311371	0.413231209232206	0.411	0.31	1	chr5-154753351-154758751	4
0.218060000811939	0.594177416105319	0.286	0.19	1	chr4-48014552-48017893	4
0.218145799616347	0.702094646970542	0.228	0.143	1	chr8-109642542-109645597	4
0.218246593852302	0.598831861779974	0.257	0.167	1	chr1-54199184-54201228	4
0.218659014929132	0.533343773502726	0.324	0.214	1	chr7-35799923-35802825	4
0.218976043283975	0.475198312399122	0.378	0.286	1	chr4-127963803-127966509	4
0.21938040016019	0.563158560369101	0.311	0.214	1	chr3-51668800-51672457	4
0.219480499558883	0.558142770156038	0.216	0.119	1	chr2-74457016-74459755	4
0.219534735678754	0.26108311323802	0.622	0.5	1	chr17-17806579-17826076	4
0.220246768213063	0.409783958213396	0.415	0.31	1	chr10-130109434-130112038	4
0.221263868107062	0.716471063976748	0.203	0.119	1	chr2-218658379-218660360	4
0.221288626394621	0.431854336662368	0.415	0.286	1	chr1-244450360-244452896	4
0.221634064864308	0.738787575624274	0.224	0.143	1	chr22-21000290-21003339	4
0.222335225763921	0.530869520050743	0.212	0.119	1	chr2-61015460-61018781	4
0.222889502956037	0.416261774141778	0.27	0.167	1	chr1-179025146-179027282	4
0.223450149859036	0.619332111094321	0.212	0.119	1	chr7-2477357-2479591	4
0.223522474212088	0.807947992448326	0.203	0.119	1	chr8-101231592-101234590	4
0.224278393312343	0.808427620505786	0.216	0.143	1	chr10-70403392-70406643	4
0.224657941068458	0.766010182170422	0.203	0.119	1	chr16-30774657-30779335	4
0.22489372771504	0.663633726284954	0.224	0.143	1	chr14-72892989-72895312	4
0.225198002225534	0.658097833300679	0.27	0.19	1	chr16-4472837-4477576	4
0.225417234723553	0.52747428553885	0.328	0.238	1	chr19-2059110-2062628	4
0.22561655010101	0.60035243607321	0.245	0.167	1	chr16-48364459-48367155	4
0.226338247798855	0.682133136495663	0.207	0.119	1	chr2-37083626-37085201	4
0.226760022495361	0.64967775459921	0.228	0.143	1	chr1-202887874-202889694	4
0.227513889094153	0.510838511889687	0.328	0.214	1	chr3-66037024-66040129	4
0.228187497261004	0.697618351555315	0.224	0.143	1	chr1-229624523-229627372	4
0.228404070817019	0.577113169022471	0.261	0.167	1	chr8-29348508-29351542	4
0.229589460626311	0.553961196898132	0.307	0.214	1	chr4-84965198-84967706	4
0.230052050545741	0.562288819888923	0.228	0.143	1	chr3-196940819-196944032	4
0.23202075574672	0.575557245171596	0.241	0.143	1	chr7-24978896-24982302	4
0.23202075574672	0.473997933596749	0.241	0.143	1	chr12-122224738-122226954	4
0.232510022263302	0.58063337399853	0.237	0.143	1	chr8-30726004-30728601	4
0.232632437950848	0.723104546963549	0.224	0.143	1	chr17-47955248-47958888	4
0.233024721207589	0.688684922348469	0.249	0.167	1	chr12-112012337-112014830	4
0.233025299580953	0.554644116484099	0.286	0.19	1	chr8-144507379-144512284	4
0.233112102002441	0.558197870144238	0.241	0.143	1	chr14-80940443-80942553	4
0.233169177429998	0.609256737434833	0.295	0.214	1	chr17-16438077-16446750	4
0.233439865040206	0.519903445553095	0.266	0.167	1	chr3-120416787-120419565	4
0.233657829818549	0.587025320434238	0.29	0.214	1	chr17-42674816-42680151	4
0.23408699797923	0.705404946535435	0.22	0.143	1	chr6-126053230-126055627	4
0.234385000321404	0.607563462376216	0.207	0.119	1	chr14-20630156-20633700	4
0.234877800732951	0.684810132828538	0.224	0.143	1	chr21-31730548-31734156	4
0.235321642534865	0.522256129315539	0.315	0.214	1	chr12-22543245-22545134	4
0.235977278162223	0.579445350267684	0.257	0.167	1	chr7-27344477-27348170	4
0.236145495824907	0.271903764580335	0.656	0.571	1	chr22-46068814-46095206	4
0.236720851923202	0.665931028893013	0.207	0.119	1	chr7-74252885-74255437	4
0.237513878625599	0.662618409471767	0.237	0.167	1	chr8-30721959-30724297	4
0.238085187264193	0.574854303456704	0.282	0.19	1	chr7-151027336-151029449	4
0.238151278084116	0.473221944784235	0.32	0.214	1	chr19-54461387-54465276	4
0.238249435081725	0.579544946675473	0.295	0.214	1	chr1-193121316-193123566	4
0.238274547001157	0.655823213812895	0.224	0.143	1	chr8-26201194-26205086	4
0.239013879523971	0.593176603375367	0.278	0.19	1	chr3-160448689-160450338	4
0.239402338578435	0.493968709926519	0.344	0.262	1	chr6-166625198-166628967	4
0.239640380949409	0.647938989914699	0.245	0.167	1	chr2-226835006-226838410	4
0.240293306756772	0.573752957923253	0.257	0.167	1	chr1-224356339-224358460	4
0.240293306756772	0.47139000134642	0.257	0.167	1	chr16-68736742-68743446	4
0.240303260202303	0.546343234693203	0.295	0.214	1	chr5-131162944-131166192	4
0.241970662505051	0.434401467845686	0.266	0.167	1	chr2-96856617-96859112	4
0.242036560686977	0.747936722711767	0.203	0.143	1	chr3-50610727-50612655	4
0.242100245753599	0.695148752068314	0.22	0.143	1	chr7-100427912-100430727	4
0.242835454490601	0.622793112016164	0.249	0.167	1	chr6-118933906-118936379	4
0.243067781434398	0.518749315427767	0.232	0.143	1	chr10-95906710-95908598	4
0.243260563178617	0.715520427989113	0.22	0.143	1	chr1-245257790-245261098	4
0.244684186017788	0.455777077289042	0.344	0.238	1	chr5-133048471-133053373	4
0.245171729370977	0.678302770964057	0.224	0.143	1	chr22-50581925-50583889	4
0.245250384845923	0.480428026418397	0.274	0.19	1	chr1-220335308-220337986	4
0.247021896477303	0.607989826736147	0.228	0.143	1	chr5-178230517-178233408	4
0.247494211674639	0.399903759182482	0.361	0.262	1	chr5-14142356-14146260	4
0.247556410825297	0.698280626535499	0.241	0.167	1	chr1-228081119-228086087	4
0.247635322377615	0.525235219266041	0.295	0.19	1	chr16-30555872-30559046	4
0.248672353479787	0.617886437789038	0.224	0.143	1	chr7-36289698-36292462	4
0.251691649193265	0.606255970396593	0.228	0.143	1	chr5-160063675-160066131	4
0.254703466857721	0.579376161165631	0.257	0.167	1	chr6-167750425-167752085	4
0.254977380612305	0.59971206040268	0.253	0.167	1	chr8-65632942-65635555	4
0.255076714104273	0.812333675258356	0.207	0.143	1	chr10-31031024-31033084	4
0.255582334868378	0.658772075966387	0.241	0.167	1	chr8-1762716-1765414	4
0.256572200074473	0.576048208093645	0.245	0.167	1	chr6-111872474-111874420	4
0.256743493107567	0.645559448029834	0.241	0.167	1	chr19-50024520-50026495	4
0.256745022399555	0.703448312832917	0.216	0.143	1	chr1-145890690-145893232	4
0.258112530588357	0.519650440152204	0.257	0.167	1	chr3-33113232-33115006	4
0.259621507228317	0.681064748654579	0.212	0.143	1	chr1-53325059-53329114	4
0.260011138992855	0.609298449310955	0.228	0.143	1	chr12-111596951-111600482	4
0.260055885056671	0.581101698151682	0.245	0.167	1	chr7-112788828-112790991	4
0.260402716162791	0.697609014277802	0.237	0.167	1	chr3-179146919-179149844	4
0.260586234989037	0.556722768454631	0.232	0.143	1	chr12-121351307-121353519	4
0.261538564879559	0.356481833732298	0.365	0.238	1	chr17-50864803-50868255	4
0.261585916134894	0.649382779537389	0.237	0.167	1	chr14-49583991-49587357	4
0.261699003958627	0.351859898769068	0.432	0.357	1	chr3-39405820-39417996	4
0.262441639320761	0.404786485742871	0.315	0.238	1	chr14-89953673-89957284	4
0.26277282685394	0.665477524268056	0.237	0.167	1	chr19-32404617-32408203	4
0.263374541790627	0.373221809000557	0.373	0.262	1	chr7-77797276-77799986	4
0.263676360969863	0.620729617150568	0.261	0.19	1	chr1-185315382-185318276	4
0.263761151825976	0.814209862156358	0.207	0.143	1	chr1-206711904-206715594	4
0.264816774341969	0.611424645201374	0.22	0.143	1	chr6-105402117-105404057	4
0.264958237128534	0.556777306079925	0.266	0.19	1	chr14-63541984-63544351	4
0.265667768740654	0.473207707779793	0.282	0.214	1	chr5-132426730-132430266	4
0.266051780903612	0.626724731057261	0.22	0.143	1	chr21-43725503-43729401	4
0.266164631593333	0.584165029220509	0.241	0.167	1	chr1-226478575-226481745	4
0.267022720920778	0.649044795770187	0.203	0.119	1	chr8-47941328-47943689	4
0.268785760551778	0.489683250521145	0.34	0.262	1	chr1-70410180-70412522	4
0.269505274969001	0.529167116890971	0.245	0.167	1	chr9-36189903-36192326	4
0.269613418002486	0.670015573579271	0.212	0.143	1	chr11-6566303-6569338	4
0.269780563884823	0.585558449740356	0.22	0.143	1	chr16-4623983-4626109	4
0.270984510659346	0.612553512493927	0.228	0.143	1	chr7-44884138-44886610	4
0.271981157596772	0.482710202650237	0.274	0.19	1	chr4-76305494-76307765	4
0.272286245211209	0.585879118332732	0.22	0.143	1	chr14-81169419-81171207	4
0.272656799823886	0.542070880001021	0.253	0.19	1	chr5-141968468-141970974	4
0.273120827257326	0.334840047660181	0.452	0.357	1	chr11-95788665-95792067	4
0.273819928808204	0.546876107999811	0.232	0.167	1	chr2-33598286-33600399	4
0.275483771862784	0.408410117844203	0.32	0.214	1	chr6-109093653-109096461	4
0.275864018038288	0.485255796929148	0.307	0.214	1	chr3-156673564-156676765	4
0.276037253867493	0.662068718720609	0.249	0.19	1	chr5-86617336-86619334	4
0.276517830868507	0.727541284028068	0.207	0.143	1	chr9-98255042-98258077	4
0.277278607633876	0.669559837380478	0.212	0.143	1	chr12-106357222-106359372	4
0.277978541633823	0.600604440816088	0.216	0.143	1	chr1-211513710-211516187	4
0.278108891958515	0.445723792760263	0.307	0.214	1	chr11-27394853-27396831	4
0.27830809074569	0.692277552084483	0.203	0.143	1	chr20-52190517-52192867	4
0.27950305471719	0.609406878458426	0.241	0.167	1	chr16-72995184-72997668	4
0.280054405571471	0.569601513040634	0.249	0.167	1	chr4-25913183-25915700	4
0.280553018900614	0.509273636706403	0.216	0.143	1	chr20-296734-301492	4
0.284116443544125	0.543024237379431	0.245	0.167	1	chr1-41481971-41485995	4
0.284445012222739	0.679986358248078	0.216	0.143	1	chr14-92972483-92975107	4
0.285053191036433	0.555908731700855	0.22	0.143	1	chr16-88808843-88813198	4
0.285090793064675	0.646955410382124	0.212	0.143	1	chr1-45010149-45013172	4
0.285713713370166	0.617702828322535	0.241	0.167	1	chr14-29923744-29928748	4
0.287729728115228	0.302708838820044	0.411	0.333	1	chr14-63640715-63643084	4
0.287787664834785	0.544118853928799	0.303	0.238	1	chr5-179731787-179734726	4
0.288933809096947	0.727707477875603	0.203	0.143	1	chr11-75476136-75477819	4
0.288997352065467	0.255350866025246	0.627	0.524	1	chr1-202007172-202019760	4
0.289484550342217	0.564864442113276	0.241	0.167	1	chr19-12293516-12295427	4
0.289600639304325	0.586242816354181	0.253	0.19	1	chr19-55639003-55644767	4
0.291632400193674	0.69737548608532	0.203	0.143	1	chr11-46272093-46274722	4
0.291903803920254	0.411149937258585	0.303	0.19	1	chr7-100538330-100540588	4
0.292377315540954	0.621534960622032	0.237	0.167	1	chr1-184050586-184052749	4
0.29278204972496	0.458257346565486	0.34	0.262	1	chr11-58576791-58580569	4
0.29321608671896	0.517062569955456	0.253	0.167	1	chr5-135232699-135235647	4
0.293288761248892	0.531976635435551	0.241	0.167	1	chr6-85592737-85595182	4
0.293592643918935	0.264187174894445	0.357	0.262	1	chr1-61076041-61084174	4
0.29473097584697	0.366090107216696	0.224	0.143	1	chr7-110534084-110535390	4
0.29473097584697	0.569132801907126	0.224	0.143	1	chr8-23528283-23530756	4
0.295001592426585	0.597614457648097	0.216	0.143	1	chr16-19520729-19522740	4
0.296300057770214	0.486969184246554	0.311	0.238	1	chr7-16644014-16647257	4
0.296885024967095	0.352027038239206	0.232	0.143	1	chr7-98616717-98620577	4
0.297074890692923	0.563865748894046	0.253	0.19	1	chr8-123415525-123417945	4
0.29770351549526	0.464880462511694	0.257	0.167	1	chr1-45338856-45341465	4
0.299703356018288	0.548470005711354	0.241	0.167	1	chr11-27505924-27507899	4
0.30004555682805	0.458043872064154	0.32	0.238	1	chr3-128079572-128086152	4
0.300489755192307	0.635794236088042	0.232	0.167	1	chr12-48814247-48816824	4
0.301145167044798	0.466239948726973	0.237	0.143	1	chr5-55822598-55825331	4
0.301877466182856	0.367735446257943	0.274	0.19	1	chr4-186189766-186192948	4
0.302612093721336	0.554390878849991	0.249	0.167	1	chr4-74157206-74159514	4
0.303089178532076	0.593012577112391	0.216	0.143	1	chr7-30172357-30174082	4
0.303231596179912	0.481847339561915	0.373	0.333	1	chr5-107666176-107674147	4
0.304436499774224	0.575381350199177	0.232	0.167	1	chr1-228099259-228105593	4
0.304798265963879	0.573433093302986	0.228	0.167	1	chr19-39165941-39168156	4
0.305718233702515	0.516375858144988	0.245	0.167	1	chr5-6711666-6715112	4
0.305718233702515	0.472036685229708	0.245	0.167	1	chr5-34006147-34009088	4
0.30581749230947	0.567152430726359	0.216	0.143	1	chr6-166032381-166033472	4
0.305917064993397	0.47627448169057	0.253	0.167	1	chr6-156556885-156558178	4
0.307021981181132	0.511291201057863	0.245	0.167	1	chr11-47407223-47409245	4
0.30746684062156	0.395166344235722	0.232	0.143	1	chr1-26694968-26698810	4
0.307784522820538	0.42784591986484	0.249	0.167	1	chr7-92446867-92449142	4
0.309354077531816	0.381498001885008	0.423	0.333	1	chr5-172902907-172906891	4
0.310225515817502	0.659802761885673	0.207	0.143	1	chr22-17637536-17640090	4
0.310770211960441	0.319647256857954	0.394	0.31	1	chr16-46687223-46691981	4
0.310803863214665	0.585609061556625	0.212	0.143	1	chr6-136821876-136823668	4
0.310825061847796	0.452629047944939	0.224	0.143	1	chr4-2534813-2538176	4
0.310995768822957	0.651992078582433	0.203	0.143	1	chr4-55345788-55348889	4
0.310995903069228	0.644452055606888	0.203	0.143	1	chr19-9818135-9820206	4
0.311021347548068	0.504411836884272	0.261	0.19	1	chr6-43626824-43630713	4
0.311083936179926	0.517075863374664	0.257	0.19	1	chr10-113678844-113681070	4
0.312038206828617	0.440921274062508	0.349	0.262	1	chr5-36237999-36243071	4
0.312061356353538	0.511961230921779	0.27	0.19	1	chr17-56832911-56835669	4
0.3124023511982	0.465290015562828	0.253	0.167	1	chr1-42765818-42768242	4
0.312407210986898	0.570099638500614	0.253	0.19	1	chr11-62590586-62592710	4
0.313313513150951	0.542289958699899	0.237	0.167	1	chr5-93579929-93586241	4
0.313480293743539	0.540492183932779	0.266	0.19	1	chr7-77695576-77698423	4
0.313617321906824	0.321150382057662	0.332	0.262	1	chr10-102116893-102122390	4
0.314592438042843	0.53161680407916	0.224	0.167	1	chr5-88140805-88142882	4
0.314592561871664	0.618541398581988	0.224	0.167	1	chr12-15881640-15883854	4
0.317097212483589	0.398147948954711	0.332	0.286	1	chr12-120685998-120689812	4
0.317346290631721	0.539123218821279	0.237	0.167	1	chr12-12723470-12727038	4
0.318228627459392	0.327198909391802	0.365	0.262	1	chr16-84503851-84506841	4
0.318698079470833	0.543528032027133	0.237	0.167	1	chr2-17878078-17880535	4
0.320053633146691	0.527030448006614	0.237	0.167	1	chr7-121394709-121398751	4
0.320053633146691	0.538082642567581	0.237	0.167	1	chr22-36026666-36029646	4
0.320116552705722	0.417700851007613	0.22	0.143	1	chr1-184789957-184794743	4
0.320607660460665	0.359517752224592	0.407	0.286	1	chr2-152715852-152719635	4
0.320988718108168	0.622656035664367	0.203	0.143	1	chr1-100485326-100487009	4
0.321605942499253	0.506303869623242	0.245	0.167	1	chr6-169700396-169703312	4
0.322433200744774	0.63077240718437	0.203	0.143	1	chr8-119767170-119769570	4
0.322433200744774	0.639925711758075	0.203	0.143	1	chr16-27202897-27204969	4
0.322925870827615	0.457538863144862	0.22	0.143	1	chr4-25159436-25162071	4
0.323161232203038	0.412999651990671	0.357	0.286	1	chr1-230977119-230980264	4
0.324933524019758	0.552232545073252	0.212	0.143	1	chr3-187738731-187741444	4
0.326291296565718	0.45824748362835	0.241	0.167	1	chr7-129054020-129055850	4
0.326792051725251	0.583200529621943	0.203	0.143	1	chr10-11874259-11876652	4
0.326792051725251	0.593416757163311	0.203	0.143	1	chr17-8435231-8437064	4
0.326792051725251	0.527650965729939	0.203	0.143	1	chr19-58394331-58396556	4
0.326986545907011	0.415218376185646	0.253	0.167	1	chr1-201307372-201311253	4
0.327313727168115	0.398552104446	0.274	0.19	1	chr1-197200162-197202446	4
0.328266007621815	0.504705359130052	0.237	0.167	1	chr3-149085431-149087121	4
0.328266007621815	0.480674219459569	0.237	0.167	1	chr4-151760333-151761686	4
0.328783382311687	0.588886900865341	0.207	0.143	1	chr21-37365372-37368899	4
0.329111286439494	0.49810377051823	0.266	0.19	1	chr3-42589737-42591757	4
0.330321135899109	0.398520922532231	0.224	0.143	1	chr14-77799601-77800978	4
0.331690840430983	0.428026324351025	0.299	0.214	1	chr2-171432960-171435331	4
0.335160539144939	0.44784485277598	0.311	0.238	1	chr14-22885749-22888276	4
0.335631809966088	0.40578358540147	0.349	0.286	1	chr3-105867653-105870294	4
0.335788683759647	0.278641570112439	0.32	0.214	1	chr10-72330794-72332902	4
0.336099089690571	0.474314185965202	0.282	0.214	1	chr5-55711209-55713164	4
0.336245705190008	0.410794859568131	0.328	0.238	1	chr16-31071845-31075250	4
0.337113004165331	0.485576637617553	0.266	0.19	1	chr5-141922869-141924740	4
0.338659126014117	0.549148961973663	0.232	0.167	1	chr8-117991656-117993034	4
0.340845558638596	0.582315470168707	0.237	0.19	1	chr4-24470231-24473822	4
0.342432273692487	0.534187706429836	0.212	0.143	1	chr12-122870577-122873643	4
0.343596464676249	0.335167860417843	0.432	0.357	1	chr12-113220440-113223705	4
0.344608220382232	0.594709169152982	0.203	0.143	1	chr7-151551900-151553498	4
0.345789141533078	0.484137380854889	0.232	0.167	1	chr1-171644731-171646474	4
0.346713882791696	0.615628075395496	0.216	0.167	1	chr6-18386147-18389763	4
0.347226541702691	0.497509627158692	0.232	0.167	1	chr1-168860736-168864722	4
0.347636738173869	0.518194798521015	0.203	0.143	1	chr4-39457944-39460618	4
0.348190570866757	0.586771182117267	0.216	0.167	1	chr1-247006877-247008561	4
0.348275856428045	0.396612831337656	0.261	0.19	1	chr4-73257072-73260967	4
0.348396669879923	0.434234496989974	0.212	0.143	1	chr3-119497230-119499561	4
0.348525239021111	0.57624907653238	0.224	0.167	1	chr16-58732540-58734855	4
0.349157325681845	0.548229752801565	0.203	0.143	1	chr3-54353376-54357742	4
0.350551230483177	0.511906856149108	0.245	0.19	1	chr3-12661924-12665119	4
0.350682130149161	0.49412378855475	0.203	0.143	1	chr20-41134976-41138746	4
0.351272455895309	0.394109381569951	0.361	0.286	1	chr6-151388787-151393127	4
0.351492093821536	0.39950472423002	0.241	0.167	1	chr16-54285186-54287672	4
0.351748757168864	0.434639617769607	0.27	0.19	1	chr5-168485899-168487726	4
0.353488232145985	0.356811955532329	0.266	0.19	1	chr2-207528314-207531734	4
0.353744383145399	0.553324603338363	0.203	0.143	1	chr12-10720990-10724515	4
0.355281828069629	0.524419590785645	0.203	0.143	1	chr19-30663753-30665206	4
0.355809066100352	0.397313493158673	0.241	0.167	1	chr5-172186966-172189118	4
0.357037192116925	0.420828479711147	0.328	0.262	1	chr14-76916892-76920546	4
0.35770293136799	0.463220484804785	0.216	0.143	1	chr5-176541356-176544446	4
0.358709721506859	0.520786935464806	0.207	0.143	1	chr2-84515771-84517071	4
0.360249681625117	0.451806938846316	0.207	0.143	1	chr6-122398970-122400887	4
0.360878945744957	0.286139580108326	0.378	0.31	1	chr14-105489220-105493062	4
0.361473684870657	0.532158211759809	0.203	0.143	1	chr10-96585367-96588543	4
0.361793785287303	0.503943361153067	0.207	0.143	1	chr2-101079611-101081095	4
0.362263565878327	0.48894931019193	0.216	0.143	1	chr6-7389109-7390873	4
0.362521627344488	0.523644269796157	0.22	0.167	1	chr5-134002072-134006328	4
0.36258483510966	0.498905095025505	0.228	0.167	1	chr3-58035454-58044441	4
0.36359444901221	0.43795205901896	0.212	0.143	1	chr22-31247609-31249371	4
0.363639715311347	0.512109002428467	0.241	0.19	1	chr13-27619265-27622741	4
0.36407497370252	0.414687920671308	0.228	0.167	1	chr11-62669173-62672940	4
0.367060123221832	0.474373848108136	0.22	0.167	1	chr12-62259125-62261520	4
0.367979917046264	0.323294033004351	0.407	0.333	1	chr17-74756743-74762368	4
0.368568319590431	0.487919523560755	0.228	0.167	1	chr21-36245592-36246959	4
0.368654878127066	0.379266925214398	0.253	0.19	1	chr12-100266216-100268929	4
0.369242211410372	0.424136911071169	0.232	0.167	1	chr6-125153292-125156271	4
0.369488366395492	0.292357434142275	0.349	0.286	1	chr4-75723208-75725729	4
0.369743856963387	0.452994205521019	0.257	0.19	1	chr10-67883739-67886601	4
0.370508648019983	0.322623741727989	0.344	0.286	1	chr6-85671969-85680735	4
0.371254889458732	0.452303398900477	0.282	0.214	1	chr12-123382866-123385403	4
0.371582969822985	0.464917119460698	0.228	0.167	1	chr17-82266807-82271336	4
0.373747332440513	0.452632400120436	0.232	0.167	1	chr8-144900006-144903192	4
0.376046605582704	0.409328221067671	0.212	0.143	1	chr9-104092791-104095330	4
0.376279718127371	0.461116631381112	0.249	0.19	1	chr1-211541330-211543818	4
0.376313537176203	0.465788516152295	0.266	0.214	1	chr6-147202081-147205253	4
0.3782584433152	0.297853549377348	0.415	0.357	1	chr19-58572112-58576488	4
0.378601169947849	0.373385035436851	0.344	0.31	1	chr11-65613393-65617135	4
0.378852529288113	0.436066150497011	0.253	0.19	1	chr4-40628786-40631468	4
0.379806816596993	0.479086935104101	0.232	0.167	1	chr14-103727507-103731183	4
0.380451923632977	0.457306019092294	0.203	0.143	1	chr3-42581199-42582972	4
0.380718322548989	0.495105587376691	0.228	0.167	1	chr12-93440033-93443322	4
0.382060608135349	0.473120098634118	0.203	0.143	1	chr3-179321524-179325110	4
0.38255132744769	0.407185398832311	0.245	0.19	1	chr3-184247398-184250751	4
0.383117987999524	0.314473456104168	0.315	0.238	1	chr2-95273736-95278138	4
0.383793837340279	0.46046594715667	0.228	0.167	1	chr8-81719768-81721953	4
0.38475694055509	0.393015845207102	0.253	0.19	1	chr3-133458938-133461177	4
0.385556338910273	0.307716434515487	0.212	0.143	1	chr16-57244169-57246217	4
0.385565892735802	0.488447375876673	0.22	0.167	1	chr8-37735957-37738280	4
0.385565892735802	0.512357794386124	0.22	0.167	1	chr12-6383325-6385506	4
0.386911637389471	0.402917637954373	0.203	0.143	1	chr6-80003580-80005278	4
0.386911637389471	0.510065716230737	0.203	0.143	1	chr10-27503497-27505828	4
0.387060927004889	0.711239907543918	0.203	0.167	1	chr19-40442581-40446733	4
0.38867506966036	0.40913894849397	0.207	0.143	1	chr16-85523036-85525623	4
0.389008531710365	0.433624741775343	0.232	0.167	1	chr1-224203207-224206280	4
0.390166435332069	0.382126751307261	0.203	0.143	1	chr14-91163028-91165623	4
0.391268026579125	0.250253593624285	0.369	0.286	1	chr7-108568065-108571237	4
0.391915626928043	0.462642281687296	0.207	0.143	1	chr17-75695749-75698368	4
0.393111248620634	0.455145711460888	0.228	0.167	1	chr13-31160687-31163497	4
0.39343555163685	0.501252928169454	0.257	0.214	1	chr7-83161773-83163964	4
0.393590929702361	0.416731134394146	0.216	0.143	1	chr4-54840598-54844361	4
0.393934499174215	0.392916257928171	0.274	0.214	1	chr6-136288040-136291360	4
0.395429051497719	0.386344160184663	0.278	0.214	1	chr10-63627851-63631321	4
0.395699692914474	0.442540075421361	0.249	0.19	1	chr1-108691203-108693827	4
0.395837866104574	0.380927514802675	0.266	0.19	1	chr14-91508708-91511457	4
0.396037183153332	0.366483223440274	0.307	0.238	1	chr4-128809262-128813086	4
0.397762972257836	0.301616317263282	0.324	0.238	1	chr4-37684821-37687667	4
0.398740229681701	0.45908372290193	0.249	0.19	1	chr6-156776300-156781006	4
0.398832421050976	0.361197510406758	0.224	0.167	1	chr16-69338675-69340749	4
0.399148212209717	0.499371819617643	0.216	0.167	1	chr8-58065537-58068548	4
0.400521557536095	0.324307241222598	0.253	0.19	1	chr5-32329070-32332344	4
0.401414705476585	0.455280674129453	0.22	0.167	1	chr19-12890453-12891876	4
0.403351203737293	0.442223361968867	0.203	0.143	1	chr7-152462894-152465378	4
0.40457839151205	0.289105238116877	0.369	0.286	1	chr8-76998839-77001522	4
0.405565604101716	0.296506731610137	0.266	0.19	1	chr4-6746511-6748271	4
0.406401573597641	0.281118105004656	0.344	0.262	1	chr8-70401450-70404516	4
0.40823931046189	0.267434647789026	0.237	0.167	1	chr1-236141000-236145578	4
0.408587217685583	0.320786642986742	0.266	0.19	1	chr3-134484160-134487740	4
0.408941569741224	0.435383224680171	0.228	0.167	1	chr7-65750063-65752104	4
0.410152976126377	0.320942447947072	0.278	0.214	1	chr22-42089864-42091793	4
0.410549056383053	0.308480379604346	0.34	0.286	1	chr8-81730902-81733194	4
0.410768791685809	0.337031035428214	0.261	0.19	1	chr1-45490026-45492001	4
0.410768791685809	0.374902771548627	0.261	0.19	1	chr19-56313808-56315748	4
0.411408416796593	0.480992583270039	0.232	0.19	1	chr6-44245370-44249623	4
0.411808447014157	0.343540685964118	0.32	0.262	1	chr4-86593688-86596131	4
0.412016239588303	0.33691413875695	0.253	0.19	1	chr19-55383100-55387247	4
0.412437925722585	0.289574669392031	0.34	0.262	1	chr10-101815799-101819930	4
0.412738051884125	0.435602330819646	0.22	0.167	1	chr16-725279-729093	4
0.412738051884125	0.469957619541823	0.22	0.167	1	chr19-7618147-7620648	4
0.412998430001235	0.360800792835228	0.237	0.167	1	chr8-17245895-17248216	4
0.414026640757133	0.263020868380392	0.386	0.286	1	chr10-35640284-35643640	4
0.414152728186731	0.379751658780613	0.249	0.19	1	chr10-103916713-103919145	4
0.415713126553845	0.353681930558707	0.249	0.19	1	chr10-103240183-103242862	4
0.416466153489505	0.480002046967124	0.212	0.167	1	chr16-46918499-46922761	4
0.418015762974568	0.263366499318819	0.386	0.31	1	chr12-71662612-71665678	4
0.418077814265017	0.353714132013703	0.328	0.262	1	chr3-179562256-179564279	4
0.418159133891636	0.428670574636829	0.224	0.167	1	chr21-42495276-42497190	4
0.418532078619322	0.385280511336973	0.29	0.238	1	chr3-15902845-15905525	4
0.418893494990745	0.297729772049127	0.286	0.214	1	chr3-69050749-69053161	4
0.419794212127083	0.292415060530258	0.224	0.167	1	chr14-104752220-104754450	4
0.419838542071316	0.500792043188728	0.228	0.19	1	chr6-3355047-3358260	4
0.420647485918675	0.360440776418805	0.232	0.167	1	chr6-125197011-125199085	4
0.420940818637409	0.429585050472557	0.22	0.167	1	chr17-38728659-38734519	4
0.421262710147464	0.295015515224505	0.299	0.214	1	chr4-65240884-65243060	4
0.422057660293257	0.510543203278725	0.216	0.167	1	chr6-73652517-73655434	4
0.422268116436117	0.373797706743833	0.232	0.167	1	chr12-48020285-48024394	4
0.423508190036401	0.408473400828264	0.228	0.167	1	chr12-63843331-63845414	4
0.423567036384667	0.44334476531674	0.249	0.19	1	chr20-49045583-49047989	4
0.425368611519319	0.368312981410591	0.257	0.19	1	chr5-154712197-154714999	4
0.425908073762739	0.458431978510828	0.22	0.167	1	chr20-31568321-31574563	4
0.426203586571382	0.344383509827515	0.261	0.19	1	chr7-87219199-87221552	4
0.426785974290331	0.404924876072289	0.228	0.167	1	chr7-8260504-8263220	4
0.426915044338922	0.336115234261578	0.299	0.238	1	chr3-24491597-24496274	4
0.428025784531176	0.350848250576126	0.224	0.167	1	chr6-145734438-145737304	4
0.428191960462969	0.424120865471653	0.212	0.167	1	chr20-25016840-25020114	4
0.428547638557496	0.375709260330561	0.257	0.214	1	chr17-78838357-78842046	4
0.428632707084568	0.557382170984261	0.203	0.167	1	chr14-54901608-54903606	4
0.428787125636907	0.260820893667745	0.232	0.167	1	chr6-113856622-113859520	4
0.431673282918228	0.313272718011313	0.261	0.214	1	chr5-137751618-137755480	4
0.433238771981258	0.386666231220749	0.261	0.214	1	chr6-122609596-122611763	4
0.433413588556225	0.286230389761769	0.361	0.31	1	chr17-1713704-1718832	4
0.433997789347988	0.477599866888125	0.232	0.19	1	chr7-157006971-157012420	4
0.435396725653981	0.351895606844556	0.245	0.19	1	chr17-40098169-40101536	4
0.436707613094357	0.371919025038547	0.228	0.167	1	chr17-2707599-2712333	4
0.437487924756647	0.335390385753808	0.344	0.286	1	chr1-206684373-206694759	4
0.439207646943154	0.369664252521926	0.203	0.143	1	chr5-172983010-172985090	4
0.439207646943154	0.335916696378391	0.203	0.143	1	chr12-56686375-56689528	4
0.439532763074193	0.332812321263524	0.249	0.19	1	chr5-40678476-40680522	4
0.439839836959004	0.308982865700662	0.29	0.214	1	chr11-64268330-64272010	4
0.440044120514269	0.32728087432971	0.228	0.167	1	chr3-180911718-180914025	4
0.440107669413002	0.446019951487732	0.212	0.167	1	chr17-42802899-42806749	4
0.440389057347699	0.310719437277967	0.253	0.19	1	chr12-119988287-119990391	4
0.440586797545431	0.424902263848648	0.216	0.167	1	chr8-70666317-70670139	4
0.440722203202225	0.340871022109093	0.207	0.143	1	chr11-73759838-73761873	4
0.44094507029024	0.383917433707824	0.241	0.19	1	chr7-107890434-107892481	4
0.4417820376557	0.336075103291461	0.369	0.31	1	chr11-76443529-76446369	4
0.441897583850603	0.312638078830451	0.353	0.286	1	chr4-184745562-184751442	4
0.441997506020821	0.368593137871713	0.253	0.19	1	chr7-140477854-140480202	4
0.44223594568359	0.477095261337657	0.232	0.19	1	chr15-63500566-63507079	4
0.444221420807024	0.370052149799413	0.241	0.19	1	chr16-81444237-81449196	4
0.445338365922876	0.360044302092861	0.232	0.167	1	chr16-30354517-30357238	4
0.445719984189231	0.419283136578076	0.216	0.167	1	chr16-9364451-9366131	4
0.445962665474451	0.608268878447385	0.203	0.167	1	chr12-98592604-98596078	4
0.447438588554291	0.452891924804804	0.216	0.167	1	chr17-31486648-31490572	4
0.447475200116037	0.368633312079279	0.261	0.214	1	chr5-1384836-1387901	4
0.447717341516789	0.364093072863617	0.207	0.143	1	chr4-39976119-39978527	4
0.44782435773406	0.333578935074085	0.22	0.167	1	chr22-38753712-38756944	4
0.448007127266373	0.333369680812039	0.203	0.143	1	chr9-109475134-109478402	4
0.448733989463861	0.476784923179032	0.212	0.167	1	chr1-112394156-112397176	4
0.449536362868038	0.352475943299074	0.22	0.167	1	chr6-83429522-83433079	4
0.449778965957069	0.359596459643887	0.203	0.143	1	chr17-3665173-3669644	4
0.450158972450007	0.25742746125691	0.274	0.214	1	chr3-50336337-50338533	4
0.450470843712871	0.469369789811201	0.212	0.167	1	chr1-59814107-59816324	4
0.451154492625077	0.324220419485493	0.27	0.214	1	chr6-154343343-154344809	4
0.45125207317444	0.41981549989402	0.22	0.167	1	chr17-40330266-40333070	4
0.45150049054604	0.304626702018917	0.278	0.214	1	chr5-115541486-115545473	4
0.454694585091731	0.318040349810899	0.22	0.167	1	chr7-134890369-134892450	4
0.455008840395954	0.369864259715858	0.245	0.19	1	chr5-16572543-16575928	4
0.455008840395954	0.336621066646499	0.245	0.19	1	chr20-56357833-56360901	4
0.455703823415997	0.337523625342933	0.212	0.167	1	chr13-19862023-19864715	4
0.456087905403466	0.398314744375302	0.216	0.167	1	chr3-32569454-32571918	4
0.458796691436842	0.406929231522583	0.207	0.167	1	chr1-154557298-154560123	4
0.459885988500219	0.379949296720874	0.22	0.167	1	chr5-6635006-6637999	4
0.461334042287469	0.27872991810449	0.332	0.262	1	chr14-99478117-99482355	4
0.461393955220635	0.404868130231784	0.228	0.19	1	chr10-132444722-132449682	4
0.461551289666207	0.266341701810407	0.29	0.214	1	chr6-99423732-99427515	4
0.462143072714914	0.377385824720007	0.257	0.214	1	chr19-7942801-7944873	4
0.463154266478885	0.35891806987015	0.27	0.214	1	chr10-73816676-73820563	4
0.465766792315452	0.282755647558216	0.357	0.31	1	chr10-50621655-50626279	4
0.467275843724726	0.486108384404374	0.203	0.167	1	chr21-36698036-36702019	4
0.467541293563917	0.369518034735217	0.241	0.19	1	chr1-67830905-67834018	4
0.467846138391184	0.291407628421538	0.278	0.238	1	chr19-58557775-58563989	4
0.468185792556264	0.377121512173371	0.253	0.19	1	chr16-19554828-19556712	4
0.468353423639757	0.383834090179725	0.216	0.167	1	chr8-11571370-11574298	4
0.469077080396651	0.498943330898753	0.203	0.167	1	chr14-73784167-73788234	4
0.46912454787005	0.336096662006105	0.249	0.19	1	chr3-197297004-197299896	4
0.469232569926202	0.31735303156081	0.241	0.19	1	chr14-61694645-61697582	4
0.470927224364654	0.389639115549103	0.241	0.19	1	chr4-101251572-101257338	4
0.472316854186533	0.360246587209521	0.224	0.167	1	chr4-145096740-145099626	4
0.47303587848383	0.285332531528852	0.303	0.238	1	chr5-119267730-119269822	4
0.473659862940376	0.384548725359764	0.257	0.214	1	chr1-41043981-41047235	4
0.4743265362451	0.345652391758261	0.241	0.19	1	chr7-144834609-144836608	4
0.475929003763698	0.3510688576208	0.295	0.262	1	chr22-36327916-36336849	4
0.476453636645944	0.27740702200663	0.266	0.214	1	chr12-88141377-88143258	4
0.477697660499512	0.342722794817693	0.228	0.167	1	chr12-117968181-117970356	4
0.478505689171793	0.341168018849384	0.245	0.19	1	chr12-108514462-108516974	4
0.478770998864443	0.360827528223556	0.212	0.167	1	chr3-46978864-46981027	4
0.478770998864443	0.455490845611693	0.212	0.167	1	chr6-53651089-53652853	4
0.480979906938085	0.363976442404267	0.22	0.167	1	chr8-19312323-19314846	4
0.48104459741338	0.277848266669247	0.332	0.262	1	chr1-248857175-248860279	4
0.481792551223448	0.443476245281462	0.203	0.167	1	chr22-20776467-20778654	4
0.48328621565285	0.357628542914331	0.253	0.19	1	chr3-47379602-47382147	4
0.484388105381065	0.361920520831577	0.216	0.167	1	chr22-42993730-42997416	4
0.484718237111104	0.333673859511362	0.266	0.214	1	chr14-64501431-64505764	4
0.485338839743844	0.289075119922503	0.245	0.19	1	chr7-55364395-55367342	4
0.486022359993481	0.285448719061717	0.27	0.214	1	chr1-28504907-28513255	4
0.487390845702735	0.406216342243097	0.228	0.19	1	chr20-3845542-3847901	4
0.487579816026504	0.417189564984554	0.207	0.167	1	chr19-56118599-56122180	4
0.48758026257857	0.317004624574745	0.282	0.238	1	chr5-80487332-80489014	4
0.487809918961446	0.379300039921786	0.212	0.167	1	chr12-49129518-49132494	4
0.488058176247078	0.362020292379151	0.241	0.19	1	chr14-69610195-69613565	4
0.489714038055308	0.332564102304006	0.266	0.214	1	chr7-87933529-87935282	4
0.491721227376025	0.336980414060409	0.22	0.167	1	chr3-120741835-120744023	4
0.491771125551516	0.258070524817775	0.34	0.262	1	chr1-54051780-54054758	4
0.492666427608549	0.307736562205779	0.27	0.214	1	chr3-69738211-69740699	4
0.493262247400363	0.345997458674762	0.241	0.19	1	chr19-6372168-6374182	4
0.49395403572104	0.321784128583692	0.245	0.19	1	chr6-159725826-159729009	4
0.49427627120101	0.304383671591538	0.237	0.19	1	chr12-119667107-119668850	4
0.494924945830852	0.455327631783344	0.207	0.167	1	chr7-75485331-75486872	4
0.495211382743273	0.319097579142483	0.253	0.19	1	chr5-1879779-1884439	4
0.495265545417905	0.284633387198326	0.237	0.167	1	chr16-73046460-73051579	4
0.495265545417905	0.385643192773503	0.232	0.19	1	chr12-39910746-39913388	4
0.496219479061653	0.288230228654307	0.34	0.31	1	chr17-63444647-63448353	4
0.496770423935695	0.424400538433884	0.207	0.167	1	chr3-128319550-128324278	4
0.497422888022595	0.322112575458642	0.245	0.19	1	chr11-61698849-61701947	4
0.498777037121773	0.388698026735722	0.212	0.167	1	chr3-37985061-37987982	4
0.498799695050408	0.374033446808946	0.232	0.19	1	chr16-66693977-66697764	4
0.499093956420901	0.33657035051085	0.203	0.143	1	chr8-124490373-124492887	4
0.500405157405584	0.364335812193016	0.278	0.238	1	chr17-81858297-81862208	4
0.502548076323061	0.299876878058097	0.216	0.167	1	chr22-41090961-41094468	4
0.504017928086351	0.317663067766292	0.266	0.214	1	chr1-92783520-92785956	4
0.504188866440288	0.397909829458505	0.207	0.167	1	chr5-154937027-154938845	4
0.504383656662953	0.308635319929558	0.216	0.167	1	chr2-24970740-24973092	4
0.504413710681423	0.318292382192035	0.22	0.167	1	chr17-58416819-58418266	4
0.505908013652443	0.287662820262952	0.232	0.19	1	chr1-145280331-145282649	4
0.506564946735345	0.351712085764027	0.266	0.214	1	chr1-44029138-44032990	4
0.506741722061232	0.396090255381848	0.245	0.214	1	chr19-18202645-18205509	4
0.506821180278497	0.350489095505606	0.315	0.286	1	chr1-244833765-244842498	4
0.50948771802664	0.322625472098005	0.266	0.238	1	chr10-3171894-3173932	4
0.510015241435726	0.277663698190823	0.32	0.262	1	chr12-67267947-67270796	4
0.513584446689012	0.265612303187039	0.22	0.167	1	chr2-96206932-96209528	4
0.514372327773502	0.274385724351203	0.241	0.19	1	chr4-54144306-54146925	4
0.514959953189506	0.300524927628471	0.245	0.19	1	chr14-67358827-67361148	4
0.515333527048685	0.389309690718453	0.203	0.167	1	chr10-56360631-56362411	4
0.515428953070263	0.272290727581624	0.22	0.167	1	chr17-1515331-1517794	4
0.51614867239293	0.276775995999746	0.203	0.143	1	chr1-204515724-204517263	4
0.517342868483248	0.374152008956515	0.212	0.167	1	chr22-45333921-45337625	4
0.518539473551311	0.295619383063085	0.266	0.214	1	chr2-189783158-189785717	4
0.518767429319543	0.271911827356203	0.419	0.357	1	chr7-21426481-21428929	4
0.521511980132763	0.318944394972128	0.241	0.19	1	chr12-64835900-64838060	4
0.522541375403311	0.264225724149169	0.228	0.167	1	chr2-27369003-27371959	4
0.522948348385192	0.411328363488074	0.203	0.167	1	chr8-42316278-42317684	4
0.523909368296294	0.327032723178597	0.232	0.19	1	chr19-38834893-38839694	4
0.5248061044756	0.279376740458998	0.216	0.167	1	chr4-38662993-38665596	4
0.526142048934322	0.297109090291987	0.315	0.286	1	chr8-33471180-33473798	4
0.526567775796419	0.323170260747742	0.22	0.167	1	chr9-104746969-104749011	4
0.52668346655594	0.271727015200327	0.216	0.167	1	chr8-6707572-6710053	4
0.526758163844367	0.307526480830203	0.212	0.167	1	chr7-158827817-158830604	4
0.528697142686595	0.410433101531293	0.203	0.167	1	chr3-128122902-128124517	4
0.528697142686595	0.371708758090519	0.203	0.167	1	chr9-34664191-34666604	4
0.528741322723326	0.366171722091382	0.228	0.19	1	chr12-2811639-2814281	4
0.529911935898146	0.357871372670916	0.224	0.19	1	chr12-93569298-93572309	4
0.532547466709792	0.266316549092034	0.203	0.167	1	chr1-93446462-93449843	4
0.534352783552703	0.360961211050911	0.212	0.167	1	chr7-233924-236631	4
0.534437138366407	0.329989811240425	0.207	0.167	1	chr2-200258067-200260516	4
0.534531771261635	0.26488274844923	0.295	0.238	1	chr3-40451382-40454031	4
0.53486568714725	0.355965366985326	0.232	0.19	1	chr9-120868025-120869544	4
0.5359773429937	0.273415855877645	0.282	0.238	1	chr10-31759035-31761200	4
0.536871308046936	0.253545870155058	0.315	0.262	1	chr6-63570154-63574856	4
0.537252331375359	0.314671628771778	0.237	0.19	1	chr12-48715123-48717818	4
0.538157246939867	0.287127413528945	0.249	0.214	1	chr3-50297884-50300659	4
0.538170875871723	0.352718799286764	0.212	0.167	1	chr12-105106552-105108641	4
0.540023215794778	0.272750208136603	0.261	0.214	1	chr16-83952556-83954946	4
0.542295856540025	0.335984952459228	0.22	0.19	1	chr9-108932910-108935246	4
0.543531600754492	0.296142315123268	0.228	0.19	1	chr11-64283987-64287139	4
0.544772397080993	0.315937069612734	0.253	0.214	1	chr3-50163603-50168888	4
0.545847685957587	0.258742855721924	0.212	0.167	1	chr4-70703501-70706909	4
0.547792487969042	0.289912357361503	0.232	0.19	1	chr8-98943333-98946437	4
0.547952951062031	0.327232555673496	0.207	0.167	1	chr1-95071797-95073861	4
0.54920836001081	0.435833657915548	0.216	0.19	1	chr22-46035282-46039795	4
0.549443305109428	0.27131210453178	0.27	0.238	1	chr8-18082947-18085461	4
0.550047734942011	0.357363296414345	0.203	0.167	1	chr12-57693334-57695052	4
0.551344209300337	0.275666512498278	0.336	0.286	1	chr5-146446649-146449590	4
0.552009555896792	0.33495255601663	0.203	0.167	1	chr14-92105140-92107262	4
0.552878943153118	0.339282278737879	0.228	0.19	1	chr3-28240586-28242539	4
0.55354077118363	0.261686104968942	0.266	0.214	1	chr4-7042046-7047396	4
0.554225571944333	0.308372376708104	0.224	0.19	1	chr16-2882122-2884230	4
0.554778771339228	0.260070768709692	0.324	0.262	1	chr3-169771527-169774511	4
0.554919176653915	0.311968812684088	0.257	0.214	1	chr10-75399557-75404225	4
0.555943476594468	0.345772824714978	0.203	0.167	1	chr10-132570693-132573056	4
0.563677760031883	0.260509770322037	0.282	0.238	1	chr14-105465424-105469880	4
0.565274129330502	0.267969208104294	0.212	0.167	1	chr1-52364430-52366967	4
0.565837719812923	0.339473773582719	0.203	0.167	1	chr15-66496873-66499180	4
0.565837719812923	0.273172882722317	0.203	0.167	1	chr17-55750512-55752856	4
0.567579875779141	0.266980547356483	0.257	0.214	1	chr7-138000742-138002724	4
0.567798170057577	0.305034245557969	0.311	0.286	1	chr4-169619197-169622937	4
0.567892035254279	0.318675694023577	0.29	0.262	1	chr12-12713456-12719210	4
0.57150895968248	0.302167083409998	0.207	0.167	1	chr22-36775371-36776982	4
0.575815743913277	0.320164084448423	0.203	0.167	1	chr12-4320321-4322071	4
0.577472349585911	0.289796180262006	0.207	0.167	1	chr6-149453665-149455579	4
0.577907223016211	0.299764261644562	0.232	0.19	1	chr6-122788621-122790776	4
0.578711527393713	0.252092608731647	0.266	0.214	1	chr4-183442896-183445789	4
0.579463340833001	0.26151884753673	0.228	0.19	1	chr1-247209494-247211275	4
0.579463340833001	0.282251647843952	0.228	0.19	1	chr10-80452585-80455838	4
0.579830086692858	0.330037987409557	0.203	0.167	1	chr19-6271138-6275436	4
0.58486628957896	0.294438684307748	0.203	0.167	1	chr2-232549563-232551768	4
0.585087234453495	0.289850558312446	0.261	0.238	1	chr4-39181597-39183740	4
0.58684835314811	0.273890141584122	0.274	0.238	1	chr8-127948627-127953447	4
0.589397700367373	0.278003352139472	0.232	0.19	1	chr16-70379834-70382404	4
0.590577968868881	0.272866600673938	0.261	0.238	1	chr4-184802657-184809094	4
0.59149969242152	0.287283745581916	0.207	0.167	1	chr14-92724154-92726951	4
0.594279942988635	0.330928532259382	0.22	0.19	1	chr12-53078585-53080238	4
0.598812056619938	0.298359966384312	0.228	0.19	1	chr16-57999346-58001984	4
0.600705415974063	0.27346713506847	0.266	0.214	1	chr2-675419-678055	4
0.601561427329394	0.255596631647235	0.27	0.214	1	chr1-151830493-151833389	4
0.602585966501523	0.266685466890903	0.249	0.214	1	chr19-12937573-12947440	4
0.603646286461116	0.258284500785247	0.207	0.167	1	chr1-231527720-231529353	4
0.604187312936902	0.311103868975763	0.203	0.167	1	chr5-79512106-79515353	4
0.606401862373673	0.283060276759808	0.224	0.19	1	chr20-23349528-23351942	4
0.606974723681871	0.270087923378122	0.27	0.238	1	chr4-17809580-17811634	4
0.610352662530315	0.320017486617394	0.224	0.19	1	chr12-56359671-56361076	4
0.611454214191621	0.254061149932402	0.299	0.262	1	chr9-6756641-6760103	4
0.611805675788926	0.268490404222635	0.207	0.167	1	chr19-3982774-3988416	4
0.615053147979079	0.263812700533945	0.286	0.262	1	chr4-991761-994600	4
0.618574873006823	0.259776529936508	0.232	0.19	1	chr3-14651005-14652828	4
0.622616278913873	0.313918885475035	0.245	0.214	1	chr1-32649387-32652232	4
0.622616278913873	0.288947019520609	0.245	0.214	1	chr10-128046833-128048659	4
0.624828993313094	0.272840366623125	0.203	0.167	1	chr1-78003227-78006129	4
0.624828993313094	0.259255281222078	0.203	0.167	1	chr5-177309416-177313370	4
0.627577880930803	0.266706742529115	0.299	0.262	1	chr1-202860382-202862488	4
0.635950072432772	0.342484525401822	0.212	0.19	1	chr8-144785832-144789758	4
0.638296886505868	0.293240350649047	0.27	0.262	1	chr17-81033460-81039500	4
0.640060868352873	0.314490656876401	0.212	0.19	1	chr18-57800910-57804216	4
0.643309465349755	0.291318166006544	0.232	0.214	1	chr4-151408012-151410780	4
0.646129716958405	0.265784340948426	0.286	0.262	1	chr6-131627530-131632212	4
0.646389177894842	0.321060204476231	0.22	0.19	1	chr6-34535345-34539077	4
0.649991925687871	0.303114089705454	0.203	0.167	1	chr14-63676422-63679191	4
0.65152377016079	0.273520905606005	0.315	0.31	1	chr16-585266-590896	4
0.6541371270351	0.268185697480821	0.237	0.214	1	chr5-69491812-69494399	4
0.656614197687825	0.298130258021521	0.212	0.19	1	chr5-65925037-65928629	4
0.664921350339964	0.292278743740915	0.216	0.19	1	chr1-27724906-27726870	4
0.664921350339964	0.259791109414686	0.216	0.19	1	chr12-45215154-45218311	4
0.669141267259725	0.283094461465342	0.212	0.19	1	chr6-33296871-33300493	4
0.67313147341875	0.306838838321864	0.22	0.19	1	chr1-154982511-154985133	4
0.675439781240026	0.321240559782251	0.212	0.19	1	chr1-42657304-42659581	4
0.701606282410791	0.253137871949166	0.257	0.238	1	chr16-15885585-15889293	4
0.708730888502354	0.256309065335958	0.22	0.19	1	chr12-121888051-121890018	4
0.714335315855841	0.265043223841803	0.203	0.19	1	chr16-25256662-25259099	4
0.822403655385939	0.252112219729114	0.207	0.214	1	chr8-144077298-144080346	4
